coords 4697
0 1 2 3
2 1 4 5
5 4 6 7
7 6 8 9
8 6 10 11
6 4 12 10
4 1 13 12
1 0 14 13
11 10 15 16
10 12 17 15
12 13 18 17
13 14 19 18
16 15 20 21
15 17 22 20
17 18 23 22
18 19 24 23
21 20 25 26
20 22 27 25
22 23 28 27
23 24 29 28
26 25 30 31
25 27 32 30
27 28 33 32
28 29 34 33
31 30 35 36
30 32 37 35
32 33 38 37
33 34 39 38
36 35 40 41
35 37 42 40
37 38 43 42
38 39 44 43
45 46 47 48
47 46 49 50
50 49 51 52
52 51 0 3
0 51 53 14
51 49 54 53
49 46 55 54
46 45 56 55
14 53 57 19
53 54 58 57
54 55 59 58
55 56 60 59
19 57 61 24
57 58 62 61
58 59 63 62
59 60 64 63
24 61 65 29
61 62 66 65
62 63 67 66
63 64 68 67
29 65 69 34
65 66 70 69
66 67 71 70
67 68 72 71
34 69 73 39
69 70 74 73
70 71 75 74
71 72 76 75
39 73 77 44
73 74 78 77
74 75 79 78
75 76 80 79
81 82 83 84
83 82 85 86
86 85 87 88
88 87 89 90
89 87 91 92
87 85 93 91
85 82 94 93
82 81 95 94
92 91 96 97
91 93 98 96
93 94 99 98
94 95 100 99
97 96 101 102
96 98 103 101
98 99 104 103
99 100 105 104
102 101 106 107
101 103 108 106
103 104 109 108
104 105 110 109
107 106 111 112
106 108 113 111
108 109 114 113
109 110 115 114
112 111 116 117
111 113 118 116
113 114 119 118
114 115 120 119
117 116 121 122
116 118 123 121
118 119 124 123
119 120 125 124
122 121 126 127
121 123 128 126
123 124 129 128
124 125 130 129
127 126 131 132
126 128 133 131
128 129 134 133
129 130 135 134
136 137 138 139
138 137 140 141
141 140 142 143
143 142 81 84
81 142 144 95
142 140 145 144
140 137 146 145
137 136 147 146
95 144 148 100
144 145 149 148
145 146 150 149
146 147 151 150
100 148 152 105
148 149 153 152
149 150 154 153
150 151 155 154
105 152 156 110
152 153 157 156
153 154 158 157
154 155 159 158
110 156 160 115
156 157 161 160
157 158 162 161
158 159 163 162
115 160 164 120
160 161 165 164
161 162 166 165
162 163 167 166
120 164 168 125
164 165 169 168
165 166 170 169
166 167 171 170
125 168 172 130
168 169 173 172
169 170 174 173
170 171 175 174
130 172 176 135
172 173 177 176
173 174 178 177
174 175 41 178
179 180 181 182
181 180 183 184
184 183 185 186
186 185 187 188
187 185 189 190
185 183 191 189
183 180 192 191
180 179 193 192
190 189 194 195
189 191 196 194
191 192 197 196
192 193 198 197
195 194 199 200
194 196 201 199
196 197 202 201
197 198 203 202
200 199 204 205
199 201 206 204
201 202 207 206
202 203 208 207
205 204 209 210
204 206 211 209
206 207 212 211
207 208 213 212
210 209 214 215
209 211 216 214
211 212 217 216
212 213 218 217
215 214 219 220
214 216 221 219
216 217 222 221
217 218 223 222
224 225 226 227
226 225 228 229
229 228 230 231
231 230 179 182
179 230 232 193
230 228 233 232
228 225 234 233
225 224 235 234
193 232 236 198
232 233 237 236
233 234 238 237
234 235 239 238
198 236 240 203
236 237 241 240
237 238 242 241
238 239 243 242
203 240 244 208
240 241 245 244
241 242 246 245
242 243 247 246
208 244 248 213
244 245 249 248
245 246 250 249
246 247 251 250
213 248 252 218
248 249 253 252
249 250 254 253
250 251 255 254
218 252 256 223
252 253 257 256
253 254 258 257
254 255 132 258
259 260 261 262
261 260 263 264
264 263 265 266
266 265 267 268
267 265 269 270
265 263 271 269
263 260 272 271
260 259 273 272
270 269 274 275
269 271 276 274
271 272 277 276
272 273 278 277
275 274 279 280
274 276 281 279
276 277 282 281
277 278 283 282
280 279 284 285
279 281 286 284
281 282 287 286
282 283 288 287
285 284 289 290
284 286 291 289
286 287 292 291
287 288 293 292
290 289 294 295
289 291 296 294
291 292 297 296
292 293 298 297
295 294 299 300
294 296 301 299
296 297 302 301
297 298 303 302
300 299 304 305
299 301 306 304
301 302 307 306
302 303 308 307
305 304 309 310
304 306 311 309
306 307 312 311
307 308 313 312
314 315 316 317
316 315 318 319
319 318 320 321
321 320 259 262
259 320 322 273
320 318 323 322
318 315 324 323
315 314 325 324
273 322 326 278
322 323 327 326
323 324 328 327
324 325 329 328
278 326 330 283
326 327 331 330
327 328 332 331
328 329 333 332
283 330 334 288
330 331 335 334
331 332 336 335
332 333 337 336
288 334 338 293
334 335 339 338
335 336 340 339
336 337 341 340
293 338 342 298
338 339 343 342
339 340 344 343
340 341 345 344
298 342 346 303
342 343 347 346
343 344 348 347
344 345 349 348
303 346 350 308
346 347 351 350
347 348 352 351
348 349 353 352
308 350 354 313
350 351 355 354
351 352 356 355
352 353 220 356
357 358 359 360
359 358 361 362
362 361 363 364
364 363 365 366
365 363 367 368
363 361 369 367
361 358 370 369
358 357 371 370
368 367 372 373
367 369 374 372
369 370 375 374
370 371 376 375
373 372 377 378
372 374 379 377
374 375 380 379
375 376 381 380
378 377 382 383
377 379 384 382
379 380 385 384
380 381 386 385
383 382 387 388
382 384 389 387
384 385 390 389
385 386 391 390
388 387 392 393
387 389 394 392
389 390 395 394
390 391 396 395
393 392 397 398
392 394 399 397
394 395 400 399
395 396 401 400
398 397 402 403
397 399 404 402
399 400 405 404
400 401 406 405
403 402 407 408
402 404 409 407
404 405 410 409
405 406 411 410
412 413 414 415
414 413 416 417
417 416 418 419
419 418 357 360
357 418 420 371
418 416 421 420
416 413 422 421
413 412 423 422
371 420 424 376
420 421 425 424
421 422 426 425
422 423 427 426
376 424 428 381
424 425 429 428
425 426 430 429
426 427 431 430
381 428 432 386
428 429 433 432
429 430 434 433
430 431 435 434
386 432 436 391
432 433 437 436
433 434 438 437
434 435 439 438
391 436 440 396
436 437 441 440
437 438 442 441
438 439 443 442
396 440 444 401
440 441 445 444
441 442 446 445
442 443 447 446
401 444 448 406
444 445 449 448
445 446 450 449
446 447 451 450
406 448 452 411
448 449 453 452
449 450 454 453
450 451 310 454
455 456 457 458
457 456 459 460
460 459 461 462
462 461 463 464
463 461 465 466
461 459 467 465
459 456 468 467
456 455 469 468
466 465 470 471
465 467 472 470
467 468 473 472
468 469 474 473
471 470 475 476
470 472 477 475
472 473 478 477
473 474 479 478
476 475 480 481
475 477 482 480
477 478 483 482
478 479 484 483
481 480 485 486
480 482 487 485
482 483 488 487
483 484 489 488
486 485 490 491
485 487 492 490
487 488 493 492
488 489 494 493
491 490 495 496
490 492 497 495
492 493 498 497
493 494 499 498
500 501 502 503
502 501 504 505
505 504 506 507
507 506 455 458
455 506 508 469
506 504 509 508
504 501 510 509
501 500 511 510
469 508 512 474
508 509 513 512
509 510 514 513
510 511 515 514
474 512 516 479
512 513 517 516
513 514 518 517
514 515 519 518
479 516 520 484
516 517 521 520
517 518 522 521
518 519 523 522
484 520 524 489
520 521 525 524
521 522 526 525
522 523 527 526
489 524 528 494
524 525 529 528
525 526 530 529
526 527 531 530
494 528 532 499
528 529 533 532
529 530 534 533
530 531 408 534
535 536 537 538
537 536 539 540
540 539 541 542
542 541 543 544
543 541 545 546
541 539 547 545
539 536 548 547
536 535 549 548
546 545 550 551
545 547 552 550
547 548 553 552
548 549 554 553
551 550 555 556
550 552 557 555
552 553 558 557
553 554 559 558
556 555 560 561
555 557 562 560
557 558 563 562
558 559 564 563
561 560 565 566
560 562 567 565
562 563 568 567
563 564 569 568
566 565 570 571
565 567 572 570
567 568 573 572
568 569 574 573
571 570 575 576
570 572 577 575
572 573 578 577
573 574 579 578
580 581 582 583
582 581 584 585
585 584 586 587
587 586 535 538
535 586 588 549
586 584 589 588
584 581 590 589
581 580 591 590
549 588 592 554
588 589 593 592
589 590 594 593
590 591 595 594
554 592 596 559
592 593 597 596
593 594 598 597
594 595 599 598
559 596 600 564
596 597 601 600
597 598 602 601
598 599 603 602
564 600 604 569
600 601 605 604
601 602 606 605
602 603 607 606
569 604 608 574
604 605 609 608
605 606 610 609
606 607 611 610
574 608 612 579
608 609 613 612
609 610 614 613
610 611 496 614
615 616 617 618
617 616 619 620
620 619 621 622
622 621 623 624
623 621 625 626
621 619 627 625
619 616 628 627
616 615 629 628
626 625 630 631
625 627 632 630
627 628 633 632
628 629 634 633
631 630 635 636
630 632 637 635
632 633 638 637
633 634 639 638
636 635 640 641
635 637 642 640
637 638 643 642
638 639 644 643
641 640 645 646
640 642 647 645
642 643 648 647
643 644 576 648
623 649 650 624
650 649 651 652
652 651 653 654
654 653 655 656
655 653 657 658
653 651 659 657
651 649 660 659
649 623 626 660
658 657 661 662
657 659 663 661
659 660 664 663
660 626 631 664
662 661 665 666
661 663 667 665
663 664 668 667
664 631 636 668
666 665 669 670
665 667 671 669
667 668 672 671
668 636 641 672
670 669 673 80
669 671 674 673
671 672 675 674
672 641 646 675
463 676 677 464
677 676 678 679
679 678 680 681
681 680 500 503
500 680 682 511
680 678 683 682
678 676 684 683
676 463 466 684
511 682 685 515
682 683 686 685
683 684 687 686
684 466 471 687
515 685 688 519
685 686 689 688
686 687 690 689
687 471 476 690
519 688 691 523
688 689 692 691
689 690 693 692
690 476 481 693
523 691 694 527
691 692 695 694
692 693 696 695
693 481 486 696
527 694 697 531
694 695 698 697
695 696 699 698
696 486 491 699
531 697 700 408
697 698 701 700
698 699 702 701
699 491 496 702
365 703 704 366
704 703 705 706
706 705 707 708
708 707 412 415
412 707 709 423
707 705 710 709
705 703 711 710
703 365 368 711
423 709 712 427
709 710 713 712
710 711 714 713
711 368 373 714
427 712 715 431
712 713 716 715
713 714 717 716
714 373 378 717
431 715 718 435
715 716 719 718
716 717 720 719
717 378 383 720
435 718 721 439
718 719 722 721
719 720 723 722
720 383 388 723
439 721 724 443
721 722 725 724
722 723 726 725
723 388 393 726
443 724 727 447
724 725 728 727
725 726 729 728
726 393 398 729
447 727 730 451
727 728 731 730
728 729 732 731
729 398 403 732
451 730 733 310
730 731 734 733
731 732 735 734
732 403 408 735
267 736 737 268
737 736 738 739
739 738 740 741
741 740 314 317
314 740 742 325
740 738 743 742
738 736 744 743
736 267 270 744
325 742 745 329
742 743 746 745
743 744 747 746
744 270 275 747
329 745 748 333
745 746 749 748
746 747 750 749
747 275 280 750
333 748 751 337
748 749 752 751
749 750 753 752
750 280 285 753
337 751 754 341
751 752 755 754
752 753 756 755
753 285 290 756
341 754 757 345
754 755 758 757
755 756 759 758
756 290 295 759
345 757 760 349
757 758 761 760
758 759 762 761
759 295 300 762
349 760 763 353
760 761 764 763
761 762 765 764
762 300 305 765
353 763 766 220
763 764 767 766
764 765 768 767
765 305 310 768
187 769 770 188
770 769 771 772
772 771 773 774
774 773 224 227
224 773 775 235
773 771 776 775
771 769 777 776
769 187 190 777
235 775 778 239
775 776 779 778
776 777 780 779
777 190 195 780
239 778 781 243
778 779 782 781
779 780 783 782
780 195 200 783
243 781 784 247
781 782 785 784
782 783 786 785
783 200 205 786
247 784 787 251
784 785 788 787
785 786 789 788
786 205 210 789
251 787 790 255
787 788 791 790
788 789 792 791
789 210 215 792
255 790 793 132
790 791 794 793
791 792 795 794
792 215 220 795
543 796 797 544
797 796 798 799
799 798 800 801
801 800 580 583
580 800 802 591
800 798 803 802
798 796 804 803
796 543 546 804
591 802 805 595
802 803 806 805
803 804 807 806
804 546 551 807
595 805 808 599
805 806 809 808
806 807 810 809
807 551 556 810
599 808 811 603
808 809 812 811
809 810 813 812
810 556 561 813
603 811 814 607
811 812 815 814
812 813 816 815
813 561 566 816
607 814 817 611
814 815 818 817
815 816 819 818
816 566 571 819
611 817 820 496
817 818 821 820
818 819 822 821
819 571 576 822
655 823 824 656
824 823 825 826
826 825 827 828
828 827 615 618
615 827 829 629
827 825 830 829
825 823 831 830
823 655 658 831
629 829 832 634
829 830 833 832
830 831 834 833
831 658 662 834
634 832 835 639
832 833 836 835
833 834 837 836
834 662 666 837
639 835 838 644
835 836 839 838
836 837 840 839
837 666 670 840
644 838 841 576
838 839 842 841
839 840 843 842
840 670 80 843
8 844 845 9
845 844 846 847
847 846 848 849
849 848 45 48
45 848 850 56
848 846 851 850
846 844 852 851
844 8 11 852
56 850 853 60
850 851 854 853
851 852 855 854
852 11 16 855
60 853 856 64
853 854 857 856
854 855 858 857
855 16 21 858
64 856 859 68
856 857 860 859
857 858 861 860
858 21 26 861
68 859 862 72
859 860 863 862
860 861 864 863
861 26 31 864
72 862 865 76
862 863 866 865
863 864 867 866
864 31 36 867
76 865 868 80
865 866 869 868
866 867 870 869
867 36 41 870
89 871 872 90
872 871 873 874
874 873 875 876
876 875 136 139
136 875 877 147
875 873 878 877
873 871 879 878
871 89 92 879
147 877 880 151
877 878 881 880
878 879 882 881
879 92 97 882
151 880 883 155
880 881 884 883
881 882 885 884
882 97 102 885
155 883 886 159
883 884 887 886
884 885 888 887
885 102 107 888
159 886 889 163
886 887 890 889
887 888 891 890
888 107 112 891
163 889 892 167
889 890 893 892
890 891 894 893
891 112 117 894
167 892 895 171
892 893 896 895
893 894 897 896
894 117 122 897
171 895 898 175
895 896 899 898
896 897 900 899
897 122 127 900
175 898 901 41
898 899 902 901
899 900 903 902
900 127 132 903
904 905 906 907
906 905 908 909
909 908 910 911
911 910 912 913
913 912 914 915
915 914 916 917
917 916 918 919
919 918 870 41
870 918 920 869
918 916 921 920
916 914 922 921
914 912 923 922
912 910 924 923
910 908 925 924
908 905 926 925
905 904 927 926
869 920 928 868
920 921 929 928
921 922 930 929
922 923 931 930
923 924 932 931
924 925 933 932
925 926 934 933
926 927 935 934
868 928 936 80
928 929 937 936
929 930 938 937
930 931 939 938
931 932 940 939
932 933 941 940
933 934 942 941
934 935 943 942
576 841 944 822
945 842 843 946
821 947 948 820
949 950 951 952
953 949 952 954
820 948 702 496
955 956 957 958
959 955 960 961
953 954 962 963
701 953 963 700
958 957 964 965
955 958 966 960
961 960 966 967
959 961 967 968
969 959 968 970
963 962 971 972
700 963 973 408
974 975 976 977
958 965 978 966
967 966 978 979
968 967 979 980
970 968 980 981
969 970 981 982
983 984 985 986
963 972 987 973
974 977 988 989
990 974 989 991
992 989 988 993
994 992 993 995
983 986 996 997
841 842 945 944
947 949 953 948
948 953 701 702
946 843 80 936
950 937 938 951
956 939 940 957
957 940 941 964
975 942 943 976
950 946 936 937
949 945 946 950
944 945 949 947
822 944 947 821
951 938 939 956
952 951 956 955
954 952 955 959
954 959 969 962
962 969 982 971
984 994 995 985
964 941 942 975
965 964 975 974
965 974 990 978
979 978 990 991
980 979 991 989
981 980 989 992
982 981 992 994
971 982 994 984
972 971 984 983
972 983 997 987
132 793 998 999
1000 794 795 1001
1002 1003 1004 1005
1006 1007 1008 1009
1010 1006 1009 1011
1012 1013 1014 1015
1009 1008 733 734
1011 1009 1016 1017
1018 1019 1020 1021
1022 1018 1021 1023
1015 1014 1024 1025
1009 734 735 1016
1017 1016 1026 1027
1019 1028 1029 1030
1020 1019 1030 1031
1021 1020 1031 1023
1022 1023 1032 1033
1025 1024 1034 1035
1016 735 408 973
1026 1016 973 987
1027 1026 1036 1037
1028 1038 1039 1029
1030 1029 1039 1040
1031 1030 1040 1041
1023 1031 1041 1032
1033 1032 1041 1040
1042 1033 1040 1043
1026 987 997 1036
1038 1044 1045 1039
1040 1039 1045 1043
793 794 1000 998
1003 1006 1010 1004
1013 1018 1022 1014
1014 1022 1033 1024
1024 1033 1042 1034
1001 795 220 766
1007 767 768 1008
1008 768 310 733
1007 1001 766 767
1006 1000 1001 1007
998 1000 1006 1003
999 998 1003 1002
1036 997 996 1046
1037 1036 1046 1047
1044 1048 1049 1045
1043 1045 1049 1050
1051 1042 1043 1050
1034 1042 1051 1052
1035 1034 1052 1053
1044 1037 1047 1048
1038 1027 1037 1044
1028 1017 1027 1038
1019 1011 1017 1028
1018 1010 1011 1019
1004 1010 1018 1013
1005 1004 1013 1012
901 1054 919 41
919 1054 1055 917
917 1055 1056 915
915 1056 1057 913
913 1057 1058 911
911 1058 1059 909
909 1059 1060 906
906 1060 1061 907
1061 1060 1062 1063
1060 1059 1064 1062
1059 1058 1065 1064
1058 1057 1066 1065
1057 1056 1067 1066
1056 1055 1068 1067
1055 1054 1069 1068
1054 901 902 1069
1063 1062 1070 1071
1062 1064 1072 1070
1064 1065 1073 1072
1065 1066 1074 1073
1066 1067 1075 1074
1067 1068 1076 1075
1068 1069 1077 1076
1069 902 903 1077
1071 1070 1035 1053
1070 1072 1025 1035
1072 1073 1015 1025
1073 1074 1012 1015
1074 1075 1005 1012
1075 1076 1002 1005
1076 1077 999 1002
1077 903 132 999
996 986 1078 1079
1078 986 985 1080
1081 1082 1083 1084
1085 995 993 1086
1082 1087 1088 1089
1083 1082 1089 1090
1091 1092 1093 1094
1095 988 977 1096
1097 1098 1099 1100
1101 1097 1100 1102
1092 1103 1104 1093
1105 1106 1107 1108
1109 943 935 1110
1111 1112 1113 1107
1114 1111 1107 1106
1115 1116 904 907
1117 927 904 1116
1080 985 995 1085
1087 1118 1119 1088
1098 1120 1121 1099
1112 1122 1123 1113
1110 935 927 1117
1086 993 988 1095
1088 1119 1120 1098
1089 1088 1098 1097
1090 1089 1097 1101
1103 1124 1125 1104
1126 1127 1111 1114
1127 1128 1112 1111
1128 1129 1122 1112
1130 976 943 1109
1096 977 976 1130
1099 1121 1129 1128
1100 1099 1128 1127
1102 1100 1127 1126
1104 1125 1131 1132
1093 1104 1132 1133
1094 1093 1133 1134
1135 1136 1116 1115
1108 1107 1136 1135
1137 1117 1116 1136
1113 1137 1136 1107
1138 1110 1117 1137
1123 1138 1137 1113
1139 1109 1110 1138
1122 1139 1138 1123
1140 1130 1109 1139
1129 1140 1139 1122
1141 1096 1130 1140
1121 1141 1140 1129
1142 1095 1096 1141
1120 1142 1141 1121
1143 1086 1095 1142
1119 1143 1142 1120
1144 1085 1086 1143
1118 1144 1143 1119
1145 1080 1085 1144
1087 1145 1144 1118
1146 1078 1080 1145
1082 1146 1145 1087
1079 1078 1146 1147
1147 1146 1082 1081
1148 1149 1106 1105
1150 1151 1149 1148
1152 1153 1151 1150
1154 1155 1153 1152
1134 1133 1155 1154
1156 1114 1106 1149
1157 1156 1149 1151
1158 1157 1151 1153
1159 1158 1153 1155
1132 1159 1155 1133
1160 1126 1114 1156
1161 1160 1156 1157
1162 1161 1157 1158
1163 1162 1158 1159
1131 1163 1159 1132
1164 1102 1126 1160
1165 1164 1160 1161
1166 1165 1161 1162
1167 1166 1162 1163
1125 1167 1163 1131
1168 1101 1102 1164
1169 1168 1164 1165
1170 1169 1165 1166
1171 1170 1166 1167
1124 1171 1167 1125
1172 1090 1101 1168
1173 1172 1168 1169
1174 1173 1169 1170
1175 1174 1170 1171
1103 1175 1171 1124
1176 1083 1090 1172
1177 1176 1172 1173
1178 1177 1173 1174
1179 1178 1174 1175
1092 1179 1175 1103
1084 1083 1176 1180
1180 1176 1177 1181
1181 1177 1178 1182
1182 1178 1179 1183
1183 1179 1092 1091
907 1061 1184 1115
1184 1061 1063 1185
1108 1186 1187 1105
1188 1071 1053 1189
1186 1190 1191 1192
1187 1186 1192 1193
1134 1194 1195 1094
1196 1052 1051 1197
1198 1199 1200 1201
1202 1198 1201 1203
1194 1204 1205 1195
1084 1206 1207 1081
1208 1049 1048 1209
1210 1211 1212 1207
1213 1210 1207 1206
1079 1214 1046 996
1215 1047 1046 1214
1185 1063 1071 1188
1190 1216 1217 1191
1199 1218 1219 1200
1211 1220 1221 1212
1209 1048 1047 1215
1189 1053 1052 1196
1191 1217 1218 1199
1192 1191 1199 1198
1193 1192 1198 1202
1204 1222 1223 1205
1224 1225 1210 1213
1225 1226 1211 1210
1226 1227 1220 1211
1228 1050 1049 1208
1197 1051 1050 1228
1200 1219 1227 1226
1201 1200 1226 1225
1203 1201 1225 1224
1205 1223 1229 1230
1195 1205 1230 1231
1094 1195 1231 1091
1147 1232 1214 1079
1081 1207 1232 1147
1233 1215 1214 1232
1212 1233 1232 1207
1234 1209 1215 1233
1221 1234 1233 1212
1235 1208 1209 1234
1220 1235 1234 1221
1236 1228 1208 1235
1227 1236 1235 1220
1237 1197 1228 1236
1219 1237 1236 1227
1238 1196 1197 1237
1218 1238 1237 1219
1239 1189 1196 1238
1217 1239 1238 1218
1240 1188 1189 1239
1216 1240 1239 1217
1241 1185 1188 1240
1190 1241 1240 1216
1242 1184 1185 1241
1186 1242 1241 1190
1115 1184 1242 1135
1135 1242 1186 1108
1180 1243 1206 1084
1181 1244 1243 1180
1182 1245 1244 1181
1183 1246 1245 1182
1091 1231 1246 1183
1247 1213 1206 1243
1248 1247 1243 1244
1249 1248 1244 1245
1250 1249 1245 1246
1230 1250 1246 1231
1251 1224 1213 1247
1252 1251 1247 1248
1253 1252 1248 1249
1254 1253 1249 1250
1229 1254 1250 1230
1255 1203 1224 1251
1256 1255 1251 1252
1257 1256 1252 1253
1258 1257 1253 1254
1223 1258 1254 1229
1259 1202 1203 1255
1260 1259 1255 1256
1261 1260 1256 1257
1262 1261 1257 1258
1222 1262 1258 1223
1263 1193 1202 1259
1264 1263 1259 1260
1265 1264 1260 1261
1266 1265 1261 1262
1204 1266 1262 1222
1267 1187 1193 1263
1268 1267 1263 1264
1269 1268 1264 1265
1270 1269 1265 1266
1194 1270 1266 1204
1105 1187 1267 1148
1148 1267 1268 1150
1150 1268 1269 1152
1152 1269 1270 1154
1154 1270 1194 1134
1271 1272 1273 1274
1273 1272 1275 1276
1276 1275 1277 1278
1278 1277 1279 1280
1280 1279 1281 1282
1282 1281 1283 1284
1284 1283 1285 1286
1286 1285 1287 1288
1288 1287 1289 1290
1290 1289 1291 1292
1292 1291 1293 1294
1294 1293 1295 1296
1296 1295 1297 1298
1298 1297 1299 1300
1300 1299 1301 1302
1302 1301 1303 1304
1304 1303 1305 1306
1306 1305 1307 1308
1308 1307 1309 1310
1310 1309 1311 1312
1312 1311 1313 1314
1314 1313 1315 1316
1316 1315 1317 1318
1318 1317 1319 1320
1320 1319 1321 1322
1322 1321 1323 1324
1324 1323 1325 1326
1326 1325 1327 1328
1328 1327 1329 1330
1330 1329 1331 1332
1332 1331 1333 1334
1334 1333 774 227
774 1333 1335 772
1333 1331 1336 1335
1331 1329 1337 1336
1329 1327 1338 1337
1327 1325 1339 1338
1325 1323 1340 1339
1323 1321 1341 1340
1321 1319 1342 1341
1319 1317 1343 1342
1317 1315 1344 1343
1315 1313 1345 1344
1313 1311 1346 1345
1311 1309 1347 1346
1309 1307 1348 1347
1307 1305 1349 1348
1305 1303 1350 1349
1303 1301 1351 1350
1301 1299 1352 1351
1299 1297 1353 1352
1297 1295 1354 1353
1295 1293 1355 1354
1293 1291 1356 1355
1291 1289 1357 1356
1289 1287 1358 1357
1287 1285 1359 1358
1285 1283 1360 1359
1283 1281 1361 1360
1281 1279 1362 1361
1279 1277 1363 1362
1277 1275 1364 1363
1275 1272 1365 1364
1272 1271 1366 1365
772 1335 1367 770
1335 1336 1368 1367
1336 1337 1369 1368
1337 1338 1370 1369
1338 1339 1371 1370
1339 1340 1372 1371
1340 1341 1373 1372
1341 1342 1374 1373
1342 1343 1375 1374
1343 1344 1376 1375
1344 1345 1377 1376
1345 1346 1378 1377
1346 1347 1379 1378
1347 1348 1380 1379
1348 1349 1381 1380
1349 1350 1382 1381
1350 1351 1383 1382
1351 1352 1384 1383
1352 1353 1385 1384
1353 1354 1386 1385
1354 1355 1387 1386
1355 1356 1388 1387
1356 1357 1389 1388
1357 1358 1390 1389
1358 1359 1391 1390
1359 1360 1392 1391
1360 1361 1393 1392
1361 1362 1394 1393
1362 1363 1395 1394
1363 1364 1396 1395
1364 1365 1397 1396
1365 1366 1398 1397
770 1367 1399 188
1367 1368 1400 1399
1368 1369 1401 1400
1369 1370 1402 1401
1370 1371 1403 1402
1371 1372 1404 1403
1372 1373 1405 1404
1373 1374 1406 1405
1374 1375 1407 1406
1375 1376 1408 1407
1376 1377 1409 1408
1377 1378 1410 1409
1378 1379 1411 1410
1379 1380 1412 1411
1380 1381 1413 1412
1381 1382 1414 1413
1382 1383 1415 1414
1383 1384 1416 1415
1384 1385 1417 1416
1385 1386 1418 1417
1386 1387 1419 1418
1387 1388 1420 1419
1388 1389 1421 1420
1389 1390 1422 1421
1390 1391 1423 1422
1391 1392 1424 1423
1392 1393 1425 1424
1393 1394 1426 1425
1394 1395 1427 1426
1395 1396 1428 1427
1396 1397 1429 1428
1397 1398 1430 1429
1431 1432 1429 1430
1429 1432 1433 1428
1428 1433 1434 1427
1427 1434 1435 1426
1426 1435 1436 1425
1425 1436 1437 1424
1424 1437 1438 1423
1423 1438 1439 1422
1422 1439 1440 1421
1421 1440 1441 1420
1420 1441 1442 1419
1419 1442 1443 1418
1418 1443 1444 1417
1417 1444 1445 1416
1416 1445 1446 1415
1415 1446 1447 1414
1414 1447 1448 1413
1413 1448 1449 1412
1412 1449 1450 1411
1411 1450 1451 1410
1410 1451 1452 1409
1409 1452 1453 1408
1408 1453 1454 1407
1407 1454 1455 1406
1406 1455 1456 1405
1405 1456 1457 1404
1404 1457 1458 1403
1403 1458 1459 1402
1402 1459 1460 1401
1401 1460 1461 1400
1400 1461 1462 1399
1399 1462 186 188
186 1462 1463 184
1462 1461 1464 1463
1461 1460 1465 1464
1460 1459 1466 1465
1459 1458 1467 1466
1458 1457 1468 1467
1457 1456 1469 1468
1456 1455 1470 1469
1455 1454 1471 1470
1454 1453 1472 1471
1453 1452 1473 1472
1452 1451 1474 1473
1451 1450 1475 1474
1450 1449 1476 1475
1449 1448 1477 1476
1448 1447 1478 1477
1447 1446 1479 1478
1446 1445 1480 1479
1445 1444 1481 1480
1444 1443 1482 1481
1443 1442 1483 1482
1442 1441 1484 1483
1441 1440 1485 1484
1440 1439 1486 1485
1439 1438 1487 1486
1438 1437 1488 1487
1437 1436 1489 1488
1436 1435 1490 1489
1435 1434 1491 1490
1434 1433 1492 1491
1433 1432 1493 1492
1432 1431 1494 1493
184 1463 1495 181
1463 1464 1496 1495
1464 1465 1497 1496
1465 1466 1498 1497
1466 1467 1499 1498
1467 1468 1500 1499
1468 1469 1501 1500
1469 1470 1502 1501
1470 1471 1503 1502
1471 1472 1504 1503
1472 1473 1505 1504
1473 1474 1506 1505
1474 1475 1507 1506
1475 1476 1508 1507
1476 1477 1509 1508
1477 1478 1510 1509
1478 1479 1511 1510
1479 1480 1512 1511
1480 1481 1513 1512
1481 1482 1514 1513
1482 1483 1515 1514
1483 1484 1516 1515
1484 1485 1517 1516
1485 1486 1518 1517
1486 1487 1519 1518
1487 1488 1520 1519
1488 1489 1521 1520
1489 1490 1522 1521
1490 1491 1523 1522
1491 1492 1524 1523
1492 1493 1525 1524
1493 1494 1526 1525
181 1495 1527 182
1495 1496 1528 1527
1496 1497 1529 1528
1497 1498 1530 1529
1498 1499 1531 1530
1499 1500 1532 1531
1500 1501 1533 1532
1501 1502 1534 1533
1502 1503 1535 1534
1503 1504 1536 1535
1504 1505 1537 1536
1505 1506 1538 1537
1506 1507 1539 1538
1507 1508 1540 1539
1508 1509 1541 1540
1509 1510 1542 1541
1510 1511 1543 1542
1511 1512 1544 1543
1512 1513 1545 1544
1513 1514 1546 1545
1514 1515 1547 1546
1515 1516 1548 1547
1516 1517 1549 1548
1517 1518 1550 1549
1518 1519 1551 1550
1519 1520 1552 1551
1520 1521 1553 1552
1521 1522 1554 1553
1522 1523 1555 1554
1523 1524 1556 1555
1524 1525 1557 1556
1525 1526 1558 1557
1559 1560 1557 1558
1557 1560 1561 1556
1556 1561 1562 1555
1555 1562 1563 1554
1554 1563 1564 1553
1553 1564 1565 1552
1552 1565 1566 1551
1551 1566 1567 1550
1550 1567 1568 1549
1549 1568 1569 1548
1548 1569 1570 1547
1547 1570 1571 1546
1546 1571 1572 1545
1545 1572 1573 1544
1544 1573 1574 1543
1543 1574 1575 1542
1542 1575 1576 1541
1541 1576 1577 1540
1540 1577 1578 1539
1539 1578 1579 1538
1538 1579 1580 1537
1537 1580 1581 1536
1536 1581 1582 1535
1535 1582 1583 1534
1534 1583 1584 1533
1533 1584 1585 1532
1532 1585 1586 1531
1531 1586 1587 1530
1530 1587 1588 1529
1529 1588 1589 1528
1528 1589 1590 1527
1527 1590 231 182
231 1590 1591 229
1590 1589 1592 1591
1589 1588 1593 1592
1588 1587 1594 1593
1587 1586 1595 1594
1586 1585 1596 1595
1585 1584 1597 1596
1584 1583 1598 1597
1583 1582 1599 1598
1582 1581 1600 1599
1581 1580 1601 1600
1580 1579 1602 1601
1579 1578 1603 1602
1578 1577 1604 1603
1577 1576 1605 1604
1576 1575 1606 1605
1575 1574 1607 1606
1574 1573 1608 1607
1573 1572 1609 1608
1572 1571 1610 1609
1571 1570 1611 1610
1570 1569 1612 1611
1569 1568 1613 1612
1568 1567 1614 1613
1567 1566 1615 1614
1566 1565 1616 1615
1565 1564 1617 1616
1564 1563 1618 1617
1563 1562 1619 1618
1562 1561 1620 1619
1561 1560 1621 1620
1560 1559 1622 1621
229 1591 1623 226
1591 1592 1624 1623
1592 1593 1625 1624
1593 1594 1626 1625
1594 1595 1627 1626
1595 1596 1628 1627
1596 1597 1629 1628
1597 1598 1630 1629
1598 1599 1631 1630
1599 1600 1632 1631
1600 1601 1633 1632
1601 1602 1634 1633
1602 1603 1635 1634
1603 1604 1636 1635
1604 1605 1637 1636
1605 1606 1638 1637
1606 1607 1639 1638
1607 1608 1640 1639
1608 1609 1641 1640
1609 1610 1642 1641
1610 1611 1643 1642
1611 1612 1644 1643
1612 1613 1645 1644
1613 1614 1646 1645
1614 1615 1647 1646
1615 1616 1648 1647
1616 1617 1649 1648
1617 1618 1650 1649
1618 1619 1651 1650
1619 1620 1652 1651
1620 1621 1653 1652
1621 1622 1654 1653
226 1623 1334 227
1623 1624 1332 1334
1624 1625 1330 1332
1625 1626 1328 1330
1626 1627 1326 1328
1627 1628 1324 1326
1628 1629 1322 1324
1629 1630 1320 1322
1630 1631 1318 1320
1631 1632 1316 1318
1632 1633 1314 1316
1633 1634 1312 1314
1634 1635 1310 1312
1635 1636 1308 1310
1636 1637 1306 1308
1637 1638 1304 1306
1638 1639 1302 1304
1639 1640 1300 1302
1640 1641 1298 1300
1641 1642 1296 1298
1642 1643 1294 1296
1643 1644 1292 1294
1644 1645 1290 1292
1645 1646 1288 1290
1646 1647 1286 1288
1647 1648 1284 1286
1648 1649 1282 1284
1649 1650 1280 1282
1650 1651 1278 1280
1651 1652 1276 1278
1652 1653 1273 1276
1653 1654 1274 1273
1655 1656 1657 1658
1657 1656 1659 1660
1660 1659 1661 1662
1662 1661 1663 1664
1663 1661 1665 1666
1661 1659 1667 1665
1659 1656 1668 1667
1656 1655 1669 1668
1666 1665 1670 1671
1665 1667 1672 1670
1667 1668 1673 1672
1668 1669 1674 1673
1671 1670 1675 1676
1670 1672 1677 1675
1672 1673 1678 1677
1673 1674 1679 1678
1676 1675 1680 1681
1675 1677 1682 1680
1677 1678 1683 1682
1678 1679 1684 1683
1681 1680 1685 1686
1680 1682 1687 1685
1682 1683 1688 1687
1683 1684 1689 1688
1686 1685 1690 1691
1685 1687 1692 1690
1687 1688 1693 1692
1688 1689 1694 1693
1691 1690 1695 1696
1690 1692 1697 1695
1692 1693 1698 1697
1693 1694 1699 1698
1696 1695 1700 1701
1695 1697 1702 1700
1697 1698 1703 1702
1698 1699 1704 1703
1701 1700 1705 1706
1700 1702 1707 1705
1702 1703 1708 1707
1703 1704 1709 1708
1706 1705 1710 1711
1705 1707 1712 1710
1707 1708 1713 1712
1708 1709 1714 1713
1711 1710 1715 1716
1710 1712 1717 1715
1712 1713 1718 1717
1713 1714 1719 1718
1716 1715 1720 1721
1715 1717 1722 1720
1717 1718 1723 1722
1718 1719 1724 1723
1721 1720 1725 1726
1720 1722 1727 1725
1722 1723 1728 1727
1723 1724 1729 1728
1726 1725 1730 1731
1725 1727 1732 1730
1727 1728 1733 1732
1728 1729 1734 1733
1731 1730 1735 1736
1730 1732 1737 1735
1732 1733 1738 1737
1733 1734 1739 1738
1736 1735 1740 1741
1735 1737 1742 1740
1737 1738 1743 1742
1738 1739 1744 1743
1741 1740 1745 1746
1740 1742 1747 1745
1742 1743 1748 1747
1743 1744 1749 1748
1746 1745 1750 1751
1745 1747 1752 1750
1747 1748 1753 1752
1748 1749 1754 1753
1751 1750 1755 1756
1750 1752 1757 1755
1752 1753 1758 1757
1753 1754 1759 1758
1756 1755 1760 1761
1755 1757 1762 1760
1757 1758 1763 1762
1758 1759 1764 1763
1761 1760 1765 1766
1760 1762 1767 1765
1762 1763 1768 1767
1763 1764 1769 1768
1766 1765 1770 1771
1765 1767 1772 1770
1767 1768 1773 1772
1768 1769 1774 1773
1771 1770 1775 1776
1770 1772 1777 1775
1772 1773 1778 1777
1773 1774 1779 1778
1776 1775 1780 1781
1775 1777 1782 1780
1777 1778 1783 1782
1778 1779 1784 1783
1781 1780 1785 1786
1780 1782 1787 1785
1782 1783 1788 1787
1783 1784 1789 1788
1786 1785 1790 1791
1785 1787 1792 1790
1787 1788 1793 1792
1788 1789 1794 1793
1791 1790 1795 1796
1790 1792 1797 1795
1792 1793 1798 1797
1793 1794 1799 1798
1796 1795 1800 1801
1795 1797 1802 1800
1797 1798 1803 1802
1798 1799 1804 1803
1801 1800 1805 1806
1800 1802 1807 1805
1802 1803 1808 1807
1803 1804 1809 1808
1806 1805 1810 1811
1805 1807 1812 1810
1807 1808 1813 1812
1808 1809 1814 1813
1811 1810 876 139
1810 1812 874 876
1812 1813 872 874
1813 1814 90 872
1815 1816 1655 1658
1655 1816 1817 1669
1669 1817 1818 1674
1674 1818 1819 1679
1679 1819 1820 1684
1684 1820 1821 1689
1689 1821 1822 1694
1694 1822 1823 1699
1699 1823 1824 1704
1704 1824 1825 1709
1709 1825 1826 1714
1714 1826 1827 1719
1719 1827 1828 1724
1724 1828 1829 1729
1729 1829 1830 1734
1734 1830 1831 1739
1739 1831 1832 1744
1744 1832 1833 1749
1749 1833 1834 1754
1754 1834 1835 1759
1759 1835 1836 1764
1764 1836 1837 1769
1769 1837 1838 1774
1774 1838 1839 1779
1779 1839 1840 1784
1784 1840 1841 1789
1789 1841 1842 1794
1794 1842 1843 1799
1799 1843 1844 1804
1804 1844 1845 1809
1809 1845 1846 1814
1814 1846 88 90
88 1846 1847 86
1846 1845 1848 1847
1845 1844 1849 1848
1844 1843 1850 1849
1843 1842 1851 1850
1842 1841 1852 1851
1841 1840 1853 1852
1840 1839 1854 1853
1839 1838 1855 1854
1838 1837 1856 1855
1837 1836 1857 1856
1836 1835 1858 1857
1835 1834 1859 1858
1834 1833 1860 1859
1833 1832 1861 1860
1832 1831 1862 1861
1831 1830 1863 1862
1830 1829 1864 1863
1829 1828 1865 1864
1828 1827 1866 1865
1827 1826 1867 1866
1826 1825 1868 1867
1825 1824 1869 1868
1824 1823 1870 1869
1823 1822 1871 1870
1822 1821 1872 1871
1821 1820 1873 1872
1820 1819 1874 1873
1819 1818 1875 1874
1818 1817 1876 1875
1817 1816 1877 1876
1816 1815 1878 1877
86 1847 1879 83
1847 1848 1880 1879
1848 1849 1881 1880
1849 1850 1882 1881
1850 1851 1883 1882
1851 1852 1884 1883
1852 1853 1885 1884
1853 1854 1886 1885
1854 1855 1887 1886
1855 1856 1888 1887
1856 1857 1889 1888
1857 1858 1890 1889
1858 1859 1891 1890
1859 1860 1892 1891
1860 1861 1893 1892
1861 1862 1894 1893
1862 1863 1895 1894
1863 1864 1896 1895
1864 1865 1897 1896
1865 1866 1898 1897
1866 1867 1899 1898
1867 1868 1900 1899
1868 1869 1901 1900
1869 1870 1902 1901
1870 1871 1903 1902
1871 1872 1904 1903
1872 1873 1905 1904
1873 1874 1906 1905
1874 1875 1907 1906
1875 1876 1908 1907
1876 1877 1909 1908
1877 1878 1910 1909
83 1879 1911 84
1879 1880 1912 1911
1880 1881 1913 1912
1881 1882 1914 1913
1882 1883 1915 1914
1883 1884 1916 1915
1884 1885 1917 1916
1885 1886 1918 1917
1886 1887 1919 1918
1887 1888 1920 1919
1888 1889 1921 1920
1889 1890 1922 1921
1890 1891 1923 1922
1891 1892 1924 1923
1892 1893 1925 1924
1893 1894 1926 1925
1894 1895 1927 1926
1895 1896 1928 1927
1896 1897 1929 1928
1897 1898 1930 1929
1898 1899 1931 1930
1899 1900 1932 1931
1900 1901 1933 1932
1901 1902 1934 1933
1902 1903 1935 1934
1903 1904 1936 1935
1904 1905 1937 1936
1905 1906 1938 1937
1906 1907 1939 1938
1907 1908 1940 1939
1908 1909 1941 1940
1909 1910 1942 1941
138 1943 1811 139
1811 1943 1944 1806
1806 1944 1945 1801
1801 1945 1946 1796
1796 1946 1947 1791
1791 1947 1948 1786
1786 1948 1949 1781
1781 1949 1950 1776
1776 1950 1951 1771
1771 1951 1952 1766
1766 1952 1953 1761
1761 1953 1954 1756
1756 1954 1955 1751
1751 1955 1956 1746
1746 1956 1957 1741
1741 1957 1958 1736
1736 1958 1959 1731
1731 1959 1960 1726
1726 1960 1961 1721
1721 1961 1962 1716
1716 1962 1963 1711
1711 1963 1964 1706
1706 1964 1965 1701
1701 1965 1966 1696
1696 1966 1967 1691
1691 1967 1968 1686
1686 1968 1969 1681
1681 1969 1970 1676
1676 1970 1971 1671
1671 1971 1972 1666
1666 1972 1973 1663
1663 1973 1974 1664
1974 1973 1975 1976
1973 1972 1977 1975
1972 1971 1978 1977
1971 1970 1979 1978
1970 1969 1980 1979
1969 1968 1981 1980
1968 1967 1982 1981
1967 1966 1983 1982
1966 1965 1984 1983
1965 1964 1985 1984
1964 1963 1986 1985
1963 1962 1987 1986
1962 1961 1988 1987
1961 1960 1989 1988
1960 1959 1990 1989
1959 1958 1991 1990
1958 1957 1992 1991
1957 1956 1993 1992
1956 1955 1994 1993
1955 1954 1995 1994
1954 1953 1996 1995
1953 1952 1997 1996
1952 1951 1998 1997
1951 1950 1999 1998
1950 1949 2000 1999
1949 1948 2001 2000
1948 1947 2002 2001
1947 1946 2003 2002
1946 1945 2004 2003
1945 1944 2005 2004
1944 1943 2006 2005
1943 138 141 2006
1976 1975 2007 2008
1975 1977 2009 2007
1977 1978 2010 2009
1978 1979 2011 2010
1979 1980 2012 2011
1980 1981 2013 2012
1981 1982 2014 2013
1982 1983 2015 2014
1983 1984 2016 2015
1984 1985 2017 2016
1985 1986 2018 2017
1986 1987 2019 2018
1987 1988 2020 2019
1988 1989 2021 2020
1989 1990 2022 2021
1990 1991 2023 2022
1991 1992 2024 2023
1992 1993 2025 2024
1993 1994 2026 2025
1994 1995 2027 2026
1995 1996 2028 2027
1996 1997 2029 2028
1997 1998 2030 2029
1998 1999 2031 2030
1999 2000 2032 2031
2000 2001 2033 2032
2001 2002 2034 2033
2002 2003 2035 2034
2003 2004 2036 2035
2004 2005 2037 2036
2005 2006 2038 2037
2006 141 143 2038
2008 2007 1941 1942
2007 2009 1940 1941
2009 2010 1939 1940
2010 2011 1938 1939
2011 2012 1937 1938
2012 2013 1936 1937
2013 2014 1935 1936
2014 2015 1934 1935
2015 2016 1933 1934
2016 2017 1932 1933
2017 2018 1931 1932
2018 2019 1930 1931
2019 2020 1929 1930
2020 2021 1928 1929
2021 2022 1927 1928
2022 2023 1926 1927
2023 2024 1925 1926
2024 2025 1924 1925
2025 2026 1923 1924
2026 2027 1922 1923
2027 2028 1921 1922
2028 2029 1920 1921
2029 2030 1919 1920
2030 2031 1918 1919
2031 2032 1917 1918
2032 2033 1916 1917
2033 2034 1915 1916
2034 2035 1914 1915
2035 2036 1913 1914
2036 2037 1912 1913
2037 2038 1911 1912
2038 143 84 1911
2 2039 2040 3
2040 2039 2041 2042
2042 2041 2043 2044
2044 2043 2045 2046
2046 2045 2047 2048
2048 2047 2049 2050
2050 2049 2051 2052
2052 2051 2053 2054
2054 2053 2055 2056
2056 2055 2057 2058
2058 2057 2059 2060
2060 2059 2061 2062
2062 2061 2063 2064
2064 2063 2065 2066
2066 2065 2067 2068
2068 2067 2069 2070
2070 2069 2071 2072
2072 2071 2073 2074
2074 2073 2075 2076
2076 2075 2077 2078
2078 2077 2079 2080
2080 2079 2081 2082
2082 2081 2083 2084
2084 2083 2085 2086
2086 2085 2087 2088
2088 2087 2089 2090
2090 2089 2091 2092
2092 2091 2093 2094
2093 2091 2095 2096
2091 2089 2097 2095
2089 2087 2098 2097
2087 2085 2099 2098
2085 2083 2100 2099
2083 2081 2101 2100
2081 2079 2102 2101
2079 2077 2103 2102
2077 2075 2104 2103
2075 2073 2105 2104
2073 2071 2106 2105
2071 2069 2107 2106
2069 2067 2108 2107
2067 2065 2109 2108
2065 2063 2110 2109
2063 2061 2111 2110
2061 2059 2112 2111
2059 2057 2113 2112
2057 2055 2114 2113
2055 2053 2115 2114
2053 2051 2116 2115
2051 2049 2117 2116
2049 2047 2118 2117
2047 2045 2119 2118
2045 2043 2120 2119
2043 2041 2121 2120
2041 2039 2122 2121
2039 2 5 2122
2096 2095 2123 2124
2095 2097 2125 2123
2097 2098 2126 2125
2098 2099 2127 2126
2099 2100 2128 2127
2100 2101 2129 2128
2101 2102 2130 2129
2102 2103 2131 2130
2103 2104 2132 2131
2104 2105 2133 2132
2105 2106 2134 2133
2106 2107 2135 2134
2107 2108 2136 2135
2108 2109 2137 2136
2109 2110 2138 2137
2110 2111 2139 2138
2111 2112 2140 2139
2112 2113 2141 2140
2113 2114 2142 2141
2114 2115 2143 2142
2115 2116 2144 2143
2116 2117 2145 2144
2117 2118 2146 2145
2118 2119 2147 2146
2119 2120 2148 2147
2120 2121 2149 2148
2121 2122 2150 2149
2122 5 7 2150
2124 2123 2151 2152
2123 2125 2153 2151
2125 2126 2154 2153
2126 2127 2155 2154
2127 2128 2156 2155
2128 2129 2157 2156
2129 2130 2158 2157
2130 2131 2159 2158
2131 2132 2160 2159
2132 2133 2161 2160
2133 2134 2162 2161
2134 2135 2163 2162
2135 2136 2164 2163
2136 2137 2165 2164
2137 2138 2166 2165
2138 2139 2167 2166
2139 2140 2168 2167
2140 2141 2169 2168
2141 2142 2170 2169
2142 2143 2171 2170
2143 2144 2172 2171
2144 2145 2173 2172
2145 2146 2174 2173
2146 2147 2175 2174
2147 2148 2176 2175
2148 2149 2177 2176
2149 2150 2178 2177
2150 7 9 2178
2179 2180 849 48
849 2180 2181 847
847 2181 2182 845
845 2182 2178 9
2178 2182 2183 2177
2182 2181 2184 2183
2181 2180 2185 2184
2180 2179 2186 2185
2177 2183 2187 2176
2183 2184 2188 2187
2184 2185 2189 2188
2185 2186 2190 2189
2176 2187 2191 2175
2187 2188 2192 2191
2188 2189 2193 2192
2189 2190 2194 2193
2175 2191 2195 2174
2191 2192 2196 2195
2192 2193 2197 2196
2193 2194 2198 2197
2174 2195 2199 2173
2195 2196 2200 2199
2196 2197 2201 2200
2197 2198 2202 2201
2173 2199 2203 2172
2199 2200 2204 2203
2200 2201 2205 2204
2201 2202 2206 2205
2172 2203 2207 2171
2203 2204 2208 2207
2204 2205 2209 2208
2205 2206 2210 2209
2171 2207 2211 2170
2207 2208 2212 2211
2208 2209 2213 2212
2209 2210 2214 2213
2170 2211 2215 2169
2211 2212 2216 2215
2212 2213 2217 2216
2213 2214 2218 2217
2169 2215 2219 2168
2215 2216 2220 2219
2216 2217 2221 2220
2217 2218 2222 2221
2168 2219 2223 2167
2219 2220 2224 2223
2220 2221 2225 2224
2221 2222 2226 2225
2167 2223 2227 2166
2223 2224 2228 2227
2224 2225 2229 2228
2225 2226 2230 2229
2166 2227 2231 2165
2227 2228 2232 2231
2228 2229 2233 2232
2229 2230 2234 2233
2165 2231 2235 2164
2231 2232 2236 2235
2232 2233 2237 2236
2233 2234 2238 2237
2164 2235 2239 2163
2235 2236 2240 2239
2236 2237 2241 2240
2237 2238 2242 2241
2163 2239 2243 2162
2239 2240 2244 2243
2240 2241 2245 2244
2241 2242 2246 2245
2162 2243 2247 2161
2243 2244 2248 2247
2244 2245 2249 2248
2245 2246 2250 2249
2161 2247 2251 2160
2247 2248 2252 2251
2248 2249 2253 2252
2249 2250 2254 2253
2160 2251 2255 2159
2251 2252 2256 2255
2252 2253 2257 2256
2253 2254 2258 2257
2159 2255 2259 2158
2255 2256 2260 2259
2256 2257 2261 2260
2257 2258 2262 2261
2158 2259 2263 2157
2259 2260 2264 2263
2260 2261 2265 2264
2261 2262 2266 2265
2157 2263 2267 2156
2263 2264 2268 2267
2264 2265 2269 2268
2265 2266 2270 2269
2156 2267 2271 2155
2267 2268 2272 2271
2268 2269 2273 2272
2269 2270 2274 2273
2155 2271 2275 2154
2271 2272 2276 2275
2272 2273 2277 2276
2273 2274 2278 2277
2154 2275 2279 2153
2275 2276 2280 2279
2276 2277 2281 2280
2277 2278 2282 2281
2153 2279 2283 2151
2279 2280 2284 2283
2280 2281 2285 2284
2281 2282 2286 2285
2151 2283 2287 2152
2283 2284 2288 2287
2284 2285 2289 2288
2285 2286 2290 2289
2040 2291 52 3
52 2291 2292 50
50 2292 2293 47
47 2293 2179 48
2179 2293 2294 2186
2293 2292 2295 2294
2292 2291 2296 2295
2291 2040 2042 2296
2186 2294 2297 2190
2294 2295 2298 2297
2295 2296 2299 2298
2296 2042 2044 2299
2190 2297 2300 2194
2297 2298 2301 2300
2298 2299 2302 2301
2299 2044 2046 2302
2194 2300 2303 2198
2300 2301 2304 2303
2301 2302 2305 2304
2302 2046 2048 2305
2198 2303 2306 2202
2303 2304 2307 2306
2304 2305 2308 2307
2305 2048 2050 2308
2202 2306 2309 2206
2306 2307 2310 2309
2307 2308 2311 2310
2308 2050 2052 2311
2206 2309 2312 2210
2309 2310 2313 2312
2310 2311 2314 2313
2311 2052 2054 2314
2210 2312 2315 2214
2312 2313 2316 2315
2313 2314 2317 2316
2314 2054 2056 2317
2214 2315 2318 2218
2315 2316 2319 2318
2316 2317 2320 2319
2317 2056 2058 2320
2218 2318 2321 2222
2318 2319 2322 2321
2319 2320 2323 2322
2320 2058 2060 2323
2222 2321 2324 2226
2321 2322 2325 2324
2322 2323 2326 2325
2323 2060 2062 2326
2226 2324 2327 2230
2324 2325 2328 2327
2325 2326 2329 2328
2326 2062 2064 2329
2230 2327 2330 2234
2327 2328 2331 2330
2328 2329 2332 2331
2329 2064 2066 2332
2234 2330 2333 2238
2330 2331 2334 2333
2331 2332 2335 2334
2332 2066 2068 2335
2238 2333 2336 2242
2333 2334 2337 2336
2334 2335 2338 2337
2335 2068 2070 2338
2242 2336 2339 2246
2336 2337 2340 2339
2337 2338 2341 2340
2338 2070 2072 2341
2246 2339 2342 2250
2339 2340 2343 2342
2340 2341 2344 2343
2341 2072 2074 2344
2250 2342 2345 2254
2342 2343 2346 2345
2343 2344 2347 2346
2344 2074 2076 2347
2254 2345 2348 2258
2345 2346 2349 2348
2346 2347 2350 2349
2347 2076 2078 2350
2258 2348 2351 2262
2348 2349 2352 2351
2349 2350 2353 2352
2350 2078 2080 2353
2262 2351 2354 2266
2351 2352 2355 2354
2352 2353 2356 2355
2353 2080 2082 2356
2266 2354 2357 2270
2354 2355 2358 2357
2355 2356 2359 2358
2356 2082 2084 2359
2270 2357 2360 2274
2357 2358 2361 2360
2358 2359 2362 2361
2359 2084 2086 2362
2274 2360 2363 2278
2360 2361 2364 2363
2361 2362 2365 2364
2362 2086 2088 2365
2278 2363 2366 2282
2363 2364 2367 2366
2364 2365 2368 2367
2365 2088 2090 2368
2282 2366 2369 2286
2366 2367 2370 2369
2367 2368 2371 2370
2368 2090 2092 2371
2286 2369 2372 2290
2369 2370 2373 2372
2370 2371 2374 2373
2371 2092 2094 2374
2375 2376 654 656
654 2376 2377 652
652 2377 2378 650
650 2378 2379 624
2379 2378 2380 2381
2378 2377 2382 2380
2377 2376 2383 2382
2376 2375 2384 2383
2381 2380 2385 2386
2380 2382 2387 2385
2382 2383 2388 2387
2383 2384 2389 2388
2386 2385 2390 2391
2385 2387 2392 2390
2387 2388 2393 2392
2388 2389 2394 2393
2391 2390 2395 2396
2390 2392 2397 2395
2392 2393 2398 2397
2393 2394 2399 2398
2396 2395 2400 2401
2395 2397 2402 2400
2397 2398 2403 2402
2398 2399 2404 2403
2401 2400 2405 2406
2400 2402 2407 2405
2402 2403 2408 2407
2403 2404 2409 2408
2406 2405 2410 2411
2405 2407 2412 2410
2407 2408 2413 2412
2408 2409 2414 2413
2411 2410 2415 2416
2410 2412 2417 2415
2412 2413 2418 2417
2413 2414 2419 2418
2416 2415 2420 2421
2415 2417 2422 2420
2417 2418 2423 2422
2418 2419 2424 2423
2421 2420 2425 2426
2420 2422 2427 2425
2422 2423 2428 2427
2423 2424 2429 2428
2426 2425 2430 2431
2425 2427 2432 2430
2427 2428 2433 2432
2428 2429 2434 2433
2431 2430 2435 2436
2430 2432 2437 2435
2432 2433 2438 2437
2433 2434 2439 2438
2436 2435 2440 2441
2435 2437 2442 2440
2437 2438 2443 2442
2438 2439 2444 2443
2441 2440 2445 2446
2440 2442 2447 2445
2442 2443 2448 2447
2443 2444 2449 2448
2446 2445 2450 2451
2445 2447 2452 2450
2447 2448 2453 2452
2448 2449 2454 2453
2451 2450 2455 2456
2450 2452 2457 2455
2452 2453 2458 2457
2453 2454 2459 2458
2456 2455 2460 2461
2455 2457 2462 2460
2457 2458 2463 2462
2458 2459 2464 2463
2461 2460 2465 2466
2460 2462 2467 2465
2462 2463 2468 2467
2463 2464 2469 2468
2466 2465 2470 2471
2465 2467 2472 2470
2467 2468 2473 2472
2468 2469 2474 2473
2471 2470 2475 2476
2470 2472 2477 2475
2472 2473 2478 2477
2473 2474 2479 2478
2476 2475 2480 2481
2475 2477 2482 2480
2477 2478 2483 2482
2478 2479 2484 2483
2481 2480 2485 2486
2480 2482 2487 2485
2482 2483 2488 2487
2483 2484 2489 2488
2486 2485 2490 2491
2485 2487 2492 2490
2487 2488 2493 2492
2488 2489 2494 2493
2491 2490 2495 2496
2490 2492 2497 2495
2492 2493 2498 2497
2493 2494 2499 2498
2496 2495 2500 2501
2495 2497 2502 2500
2497 2498 2503 2502
2498 2499 2504 2503
2501 2500 2505 2506
2500 2502 2507 2505
2502 2503 2508 2507
2503 2504 2509 2508
2506 2505 2510 2511
2505 2507 2512 2510
2507 2508 2513 2512
2508 2509 2514 2513
2511 2510 2515 2516
2510 2512 2517 2515
2512 2513 2518 2517
2513 2514 2519 2518
2516 2515 2520 2521
2515 2517 2522 2520
2517 2518 2523 2522
2518 2519 2524 2523
2521 2520 2525 2526
2520 2522 2527 2525
2522 2523 2528 2527
2523 2524 2529 2528
2526 2525 2530 2531
2525 2527 2532 2530
2527 2528 2533 2532
2528 2529 2534 2533
2531 2530 2535 2536
2530 2532 2537 2535
2532 2533 2538 2537
2533 2534 2539 2538
2536 2535 2540 2541
2535 2537 2542 2540
2537 2538 2543 2542
2538 2539 2544 2543
2541 2540 2545 2546
2540 2542 2547 2545
2542 2543 2548 2547
2543 2544 2549 2548
2546 2545 2550 2551
2545 2547 2552 2550
2547 2548 2553 2552
2548 2549 2554 2553
2551 2550 2555 2556
2550 2552 2557 2555
2552 2553 2558 2557
2553 2554 2559 2558
2556 2555 2560 2561
2555 2557 2562 2560
2557 2558 2563 2562
2558 2559 2564 2563
2561 2560 2565 2566
2560 2562 2567 2565
2562 2563 2568 2567
2563 2564 2569 2568
2566 2565 2570 2571
2565 2567 2572 2570
2567 2568 2573 2572
2568 2569 2574 2573
2575 2576 828 618
828 2576 2577 826
826 2577 2578 824
824 2578 2375 656
2375 2578 2579 2384
2578 2577 2580 2579
2577 2576 2581 2580
2576 2575 2582 2581
2384 2579 2583 2389
2579 2580 2584 2583
2580 2581 2585 2584
2581 2582 2586 2585
2389 2583 2587 2394
2583 2584 2588 2587
2584 2585 2589 2588
2585 2586 2590 2589
2394 2587 2591 2399
2587 2588 2592 2591
2588 2589 2593 2592
2589 2590 2594 2593
2399 2591 2595 2404
2591 2592 2596 2595
2592 2593 2597 2596
2593 2594 2598 2597
2404 2595 2599 2409
2595 2596 2600 2599
2596 2597 2601 2600
2597 2598 2602 2601
2409 2599 2603 2414
2599 2600 2604 2603
2600 2601 2605 2604
2601 2602 2606 2605
2414 2603 2607 2419
2603 2604 2608 2607
2604 2605 2609 2608
2605 2606 2610 2609
2419 2607 2611 2424
2607 2608 2612 2611
2608 2609 2613 2612
2609 2610 2614 2613
2424 2611 2615 2429
2611 2612 2616 2615
2612 2613 2617 2616
2613 2614 2618 2617
2429 2615 2619 2434
2615 2616 2620 2619
2616 2617 2621 2620
2617 2618 2622 2621
2434 2619 2623 2439
2619 2620 2624 2623
2620 2621 2625 2624
2621 2622 2626 2625
2439 2623 2627 2444
2623 2624 2628 2627
2624 2625 2629 2628
2625 2626 2630 2629
2444 2627 2631 2449
2627 2628 2632 2631
2628 2629 2633 2632
2629 2630 2634 2633
2449 2631 2635 2454
2631 2632 2636 2635
2632 2633 2637 2636
2633 2634 2638 2637
2454 2635 2639 2459
2635 2636 2640 2639
2636 2637 2641 2640
2637 2638 2642 2641
2459 2639 2643 2464
2639 2640 2644 2643
2640 2641 2645 2644
2641 2642 2646 2645
2464 2643 2647 2469
2643 2644 2648 2647
2644 2645 2649 2648
2645 2646 2650 2649
2469 2647 2651 2474
2647 2648 2652 2651
2648 2649 2653 2652
2649 2650 2654 2653
2474 2651 2655 2479
2651 2652 2656 2655
2652 2653 2657 2656
2653 2654 2658 2657
2479 2655 2659 2484
2655 2656 2660 2659
2656 2657 2661 2660
2657 2658 2662 2661
2484 2659 2663 2489
2659 2660 2664 2663
2660 2661 2665 2664
2661 2662 2666 2665
2489 2663 2667 2494
2663 2664 2668 2667
2664 2665 2669 2668
2665 2666 2670 2669
2494 2667 2671 2499
2667 2668 2672 2671
2668 2669 2673 2672
2669 2670 2674 2673
2499 2671 2675 2504
2671 2672 2676 2675
2672 2673 2677 2676
2673 2674 2678 2677
2504 2675 2679 2509
2675 2676 2680 2679
2676 2677 2681 2680
2677 2678 2682 2681
2509 2679 2683 2514
2679 2680 2684 2683
2680 2681 2685 2684
2681 2682 2686 2685
2514 2683 2687 2519
2683 2684 2688 2687
2684 2685 2689 2688
2685 2686 2690 2689
2519 2687 2691 2524
2687 2688 2692 2691
2688 2689 2693 2692
2689 2690 2694 2693
2524 2691 2695 2529
2691 2692 2696 2695
2692 2693 2697 2696
2693 2694 2698 2697
2529 2695 2699 2534
2695 2696 2700 2699
2696 2697 2701 2700
2697 2698 2702 2701
2534 2699 2703 2539
2699 2700 2704 2703
2700 2701 2705 2704
2701 2702 2706 2705
2539 2703 2707 2544
2703 2704 2708 2707
2704 2705 2709 2708
2705 2706 2710 2709
2544 2707 2711 2549
2707 2708 2712 2711
2708 2709 2713 2712
2709 2710 2714 2713
2549 2711 2715 2554
2711 2712 2716 2715
2712 2713 2717 2716
2713 2714 2718 2717
2554 2715 2719 2559
2715 2716 2720 2719
2716 2717 2721 2720
2717 2718 2722 2721
2559 2719 2723 2564
2719 2720 2724 2723
2720 2721 2725 2724
2721 2722 2726 2725
2564 2723 2727 2569
2723 2724 2728 2727
2724 2725 2729 2728
2725 2726 2730 2729
2569 2727 2731 2574
2727 2728 2732 2731
2728 2729 2733 2732
2729 2730 2734 2733
2379 2735 622 624
622 2735 2736 620
620 2736 2737 617
617 2737 2575 618
2575 2737 2738 2582
2737 2736 2739 2738
2736 2735 2740 2739
2735 2379 2381 2740
2582 2738 2741 2586
2738 2739 2742 2741
2739 2740 2743 2742
2740 2381 2386 2743
2586 2741 2744 2590
2741 2742 2745 2744
2742 2743 2746 2745
2743 2386 2391 2746
2590 2744 2747 2594
2744 2745 2748 2747
2745 2746 2749 2748
2746 2391 2396 2749
2594 2747 2750 2598
2747 2748 2751 2750
2748 2749 2752 2751
2749 2396 2401 2752
2598 2750 2753 2602
2750 2751 2754 2753
2751 2752 2755 2754
2752 2401 2406 2755
2602 2753 2756 2606
2753 2754 2757 2756
2754 2755 2758 2757
2755 2406 2411 2758
2606 2756 2759 2610
2756 2757 2760 2759
2757 2758 2761 2760
2758 2411 2416 2761
2610 2759 2762 2614
2759 2760 2763 2762
2760 2761 2764 2763
2761 2416 2421 2764
2614 2762 2765 2618
2762 2763 2766 2765
2763 2764 2767 2766
2764 2421 2426 2767
2618 2765 2768 2622
2765 2766 2769 2768
2766 2767 2770 2769
2767 2426 2431 2770
2622 2768 2771 2626
2768 2769 2772 2771
2769 2770 2773 2772
2770 2431 2436 2773
2626 2771 2774 2630
2771 2772 2775 2774
2772 2773 2776 2775
2773 2436 2441 2776
2630 2774 2777 2634
2774 2775 2778 2777
2775 2776 2779 2778
2776 2441 2446 2779
2634 2777 2780 2638
2777 2778 2781 2780
2778 2779 2782 2781
2779 2446 2451 2782
2638 2780 2783 2642
2780 2781 2784 2783
2781 2782 2785 2784
2782 2451 2456 2785
2642 2783 2786 2646
2783 2784 2787 2786
2784 2785 2788 2787
2785 2456 2461 2788
2646 2786 2789 2650
2786 2787 2790 2789
2787 2788 2791 2790
2788 2461 2466 2791
2650 2789 2792 2654
2789 2790 2793 2792
2790 2791 2794 2793
2791 2466 2471 2794
2654 2792 2795 2658
2792 2793 2796 2795
2793 2794 2797 2796
2794 2471 2476 2797
2658 2795 2798 2662
2795 2796 2799 2798
2796 2797 2800 2799
2797 2476 2481 2800
2662 2798 2801 2666
2798 2799 2802 2801
2799 2800 2803 2802
2800 2481 2486 2803
2666 2801 2804 2670
2801 2802 2805 2804
2802 2803 2806 2805
2803 2486 2491 2806
2670 2804 2807 2674
2804 2805 2808 2807
2805 2806 2809 2808
2806 2491 2496 2809
2674 2807 2810 2678
2807 2808 2811 2810
2808 2809 2812 2811
2809 2496 2501 2812
2678 2810 2813 2682
2810 2811 2814 2813
2811 2812 2815 2814
2812 2501 2506 2815
2682 2813 2816 2686
2813 2814 2817 2816
2814 2815 2818 2817
2815 2506 2511 2818
2686 2816 2819 2690
2816 2817 2820 2819
2817 2818 2821 2820
2818 2511 2516 2821
2690 2819 2822 2694
2819 2820 2823 2822
2820 2821 2824 2823
2821 2516 2521 2824
2694 2822 2825 2698
2822 2823 2826 2825
2823 2824 2827 2826
2824 2521 2526 2827
2698 2825 2828 2702
2825 2826 2829 2828
2826 2827 2830 2829
2827 2526 2531 2830
2702 2828 2831 2706
2828 2829 2832 2831
2829 2830 2833 2832
2830 2531 2536 2833
2706 2831 2834 2710
2831 2832 2835 2834
2832 2833 2836 2835
2833 2536 2541 2836
2710 2834 2837 2714
2834 2835 2838 2837
2835 2836 2839 2838
2836 2541 2546 2839
2714 2837 2840 2718
2837 2838 2841 2840
2838 2839 2842 2841
2839 2546 2551 2842
2718 2840 2843 2722
2840 2841 2844 2843
2841 2842 2845 2844
2842 2551 2556 2845
2722 2843 2846 2726
2843 2844 2847 2846
2844 2845 2848 2847
2845 2556 2561 2848
2726 2846 2849 2730
2846 2847 2850 2849
2847 2848 2851 2850
2848 2561 2566 2851
2730 2849 2852 2734
2849 2850 2853 2852
2850 2851 2854 2853
2851 2566 2571 2854
2855 2856 2857 2858
2857 2856 2859 2860
2860 2859 2861 2862
2862 2861 2863 2864
2863 2861 2865 2866
2861 2859 2867 2865
2859 2856 2868 2867
2856 2855 2869 2868
2866 2865 2870 2871
2865 2867 2872 2870
2867 2868 2873 2872
2868 2869 2874 2873
2871 2870 2875 2876
2870 2872 2877 2875
2872 2873 2878 2877
2873 2874 2879 2878
2876 2875 2880 2881
2875 2877 2882 2880
2877 2878 2883 2882
2878 2879 2884 2883
2881 2880 2885 2886
2880 2882 2887 2885
2882 2883 2888 2887
2883 2884 2889 2888
2886 2885 2890 2891
2885 2887 2892 2890
2887 2888 2893 2892
2888 2889 2894 2893
2891 2890 2895 2896
2890 2892 2897 2895
2892 2893 2898 2897
2893 2894 2899 2898
2896 2895 2900 2901
2895 2897 2902 2900
2897 2898 2903 2902
2898 2899 2904 2903
2901 2900 2905 2906
2900 2902 2907 2905
2902 2903 2908 2907
2903 2904 2909 2908
2906 2905 2910 2911
2905 2907 2912 2910
2907 2908 2913 2912
2908 2909 2914 2913
2911 2910 2915 2916
2910 2912 2917 2915
2912 2913 2918 2917
2913 2914 2919 2918
2916 2915 2920 2921
2915 2917 2922 2920
2917 2918 2923 2922
2918 2919 2924 2923
2921 2920 2925 2926
2920 2922 2927 2925
2922 2923 2928 2927
2923 2924 2929 2928
2926 2925 2930 2931
2925 2927 2932 2930
2927 2928 2933 2932
2928 2929 2934 2933
2931 2930 2935 2936
2930 2932 2937 2935
2932 2933 2938 2937
2933 2934 2939 2938
2936 2935 2940 2941
2935 2937 2942 2940
2937 2938 2943 2942
2938 2939 2944 2943
2941 2940 2945 2946
2940 2942 2947 2945
2942 2943 2948 2947
2943 2944 2949 2948
2946 2945 2950 2951
2945 2947 2952 2950
2947 2948 2953 2952
2948 2949 2954 2953
2951 2950 2955 2956
2950 2952 2957 2955
2952 2953 2958 2957
2953 2954 2959 2958
2956 2955 2960 2961
2955 2957 2962 2960
2957 2958 2963 2962
2958 2959 2964 2963
2961 2960 2965 2966
2960 2962 2967 2965
2962 2963 2968 2967
2963 2964 2969 2968
2966 2965 2970 2971
2965 2967 2972 2970
2967 2968 2973 2972
2968 2969 2974 2973
2971 2970 2975 2976
2970 2972 2977 2975
2972 2973 2978 2977
2973 2974 2979 2978
2976 2975 2980 2981
2975 2977 2982 2980
2977 2978 2983 2982
2978 2979 2984 2983
2981 2980 2985 2986
2980 2982 2987 2985
2982 2983 2988 2987
2983 2984 2989 2988
2986 2985 2990 2991
2985 2987 2992 2990
2987 2988 2993 2992
2988 2989 2994 2993
2991 2990 801 583
2990 2992 799 801
2992 2993 797 799
2993 2994 544 797
2995 2996 2855 2858
2855 2996 2997 2869
2869 2997 2998 2874
2874 2998 2999 2879
2879 2999 3000 2884
2884 3000 3001 2889
2889 3001 3002 2894
2894 3002 3003 2899
2899 3003 3004 2904
2904 3004 3005 2909
2909 3005 3006 2914
2914 3006 3007 2919
2919 3007 3008 2924
2924 3008 3009 2929
2929 3009 3010 2934
2934 3010 3011 2939
2939 3011 3012 2944
2944 3012 3013 2949
2949 3013 3014 2954
2954 3014 3015 2959
2959 3015 3016 2964
2964 3016 3017 2969
2969 3017 3018 2974
2974 3018 3019 2979
2979 3019 3020 2984
2984 3020 3021 2989
2989 3021 3022 2994
2994 3022 542 544
542 3022 3023 540
3022 3021 3024 3023
3021 3020 3025 3024
3020 3019 3026 3025
3019 3018 3027 3026
3018 3017 3028 3027
3017 3016 3029 3028
3016 3015 3030 3029
3015 3014 3031 3030
3014 3013 3032 3031
3013 3012 3033 3032
3012 3011 3034 3033
3011 3010 3035 3034
3010 3009 3036 3035
3009 3008 3037 3036
3008 3007 3038 3037
3007 3006 3039 3038
3006 3005 3040 3039
3005 3004 3041 3040
3004 3003 3042 3041
3003 3002 3043 3042
3002 3001 3044 3043
3001 3000 3045 3044
3000 2999 3046 3045
2999 2998 3047 3046
2998 2997 3048 3047
2997 2996 3049 3048
2996 2995 3050 3049
540 3023 3051 537
3023 3024 3052 3051
3024 3025 3053 3052
3025 3026 3054 3053
3026 3027 3055 3054
3027 3028 3056 3055
3028 3029 3057 3056
3029 3030 3058 3057
3030 3031 3059 3058
3031 3032 3060 3059
3032 3033 3061 3060
3033 3034 3062 3061
3034 3035 3063 3062
3035 3036 3064 3063
3036 3037 3065 3064
3037 3038 3066 3065
3038 3039 3067 3066
3039 3040 3068 3067
3040 3041 3069 3068
3041 3042 3070 3069
3042 3043 3071 3070
3043 3044 3072 3071
3044 3045 3073 3072
3045 3046 3074 3073
3046 3047 3075 3074
3047 3048 3076 3075
3048 3049 3077 3076
3049 3050 3078 3077
537 3051 3079 538
3051 3052 3080 3079
3052 3053 3081 3080
3053 3054 3082 3081
3054 3055 3083 3082
3055 3056 3084 3083
3056 3057 3085 3084
3057 3058 3086 3085
3058 3059 3087 3086
3059 3060 3088 3087
3060 3061 3089 3088
3061 3062 3090 3089
3062 3063 3091 3090
3063 3064 3092 3091
3064 3065 3093 3092
3065 3066 3094 3093
3066 3067 3095 3094
3067 3068 3096 3095
3068 3069 3097 3096
3069 3070 3098 3097
3070 3071 3099 3098
3071 3072 3100 3099
3072 3073 3101 3100
3073 3074 3102 3101
3074 3075 3103 3102
3075 3076 3104 3103
3076 3077 3105 3104
3077 3078 3106 3105
582 3107 2991 583
2991 3107 3108 2986
2986 3108 3109 2981
2981 3109 3110 2976
2976 3110 3111 2971
2971 3111 3112 2966
2966 3112 3113 2961
2961 3113 3114 2956
2956 3114 3115 2951
2951 3115 3116 2946
2946 3116 3117 2941
2941 3117 3118 2936
2936 3118 3119 2931
2931 3119 3120 2926
2926 3120 3121 2921
2921 3121 3122 2916
2916 3122 3123 2911
2911 3123 3124 2906
2906 3124 3125 2901
2901 3125 3126 2896
2896 3126 3127 2891
2891 3127 3128 2886
2886 3128 3129 2881
2881 3129 3130 2876
2876 3130 3131 2871
2871 3131 3132 2866
2866 3132 3133 2863
2863 3133 3134 2864
3134 3133 3135 3136
3133 3132 3137 3135
3132 3131 3138 3137
3131 3130 3139 3138
3130 3129 3140 3139
3129 3128 3141 3140
3128 3127 3142 3141
3127 3126 3143 3142
3126 3125 3144 3143
3125 3124 3145 3144
3124 3123 3146 3145
3123 3122 3147 3146
3122 3121 3148 3147
3121 3120 3149 3148
3120 3119 3150 3149
3119 3118 3151 3150
3118 3117 3152 3151
3117 3116 3153 3152
3116 3115 3154 3153
3115 3114 3155 3154
3114 3113 3156 3155
3113 3112 3157 3156
3112 3111 3158 3157
3111 3110 3159 3158
3110 3109 3160 3159
3109 3108 3161 3160
3108 3107 3162 3161
3107 582 585 3162
3136 3135 3163 3164
3135 3137 3165 3163
3137 3138 3166 3165
3138 3139 3167 3166
3139 3140 3168 3167
3140 3141 3169 3168
3141 3142 3170 3169
3142 3143 3171 3170
3143 3144 3172 3171
3144 3145 3173 3172
3145 3146 3174 3173
3146 3147 3175 3174
3147 3148 3176 3175
3148 3149 3177 3176
3149 3150 3178 3177
3150 3151 3179 3178
3151 3152 3180 3179
3152 3153 3181 3180
3153 3154 3182 3181
3154 3155 3183 3182
3155 3156 3184 3183
3156 3157 3185 3184
3157 3158 3186 3185
3158 3159 3187 3186
3159 3160 3188 3187
3160 3161 3189 3188
3161 3162 3190 3189
3162 585 587 3190
3164 3163 3105 3106
3163 3165 3104 3105
3165 3166 3103 3104
3166 3167 3102 3103
3167 3168 3101 3102
3168 3169 3100 3101
3169 3170 3099 3100
3170 3171 3098 3099
3171 3172 3097 3098
3172 3173 3096 3097
3173 3174 3095 3096
3174 3175 3094 3095
3175 3176 3093 3094
3176 3177 3092 3093
3177 3178 3091 3092
3178 3179 3090 3091
3179 3180 3089 3090
3180 3181 3088 3089
3181 3182 3087 3088
3182 3183 3086 3087
3183 3184 3085 3086
3184 3185 3084 3085
3185 3186 3083 3084
3186 3187 3082 3083
3187 3188 3081 3082
3188 3189 3080 3081
3189 3190 3079 3080
3190 587 538 3079
3191 3192 3193 3194
3193 3192 3195 3196
3196 3195 3197 3198
3198 3197 3199 3200
3200 3199 3201 3202
3202 3201 3203 3204
3204 3203 3205 3206
3206 3205 3207 3208
3208 3207 3209 3210
3210 3209 3211 3212
3212 3211 3213 3214
3214 3213 3215 3216
3216 3215 3217 3218
3218 3217 3219 3220
3220 3219 3221 3222
3222 3221 3223 3224
3224 3223 3225 3226
3226 3225 3227 3228
3228 3227 3229 3230
3230 3229 3231 3232
3232 3231 3233 3234
3234 3233 3235 3236
3236 3235 3237 3238
3238 3237 3239 3240
3240 3239 3241 3242
3242 3241 3243 3244
3244 3243 3245 3246
3246 3245 3247 3248
3248 3247 3249 3250
3250 3249 3251 3252
3252 3251 3253 3254
3254 3253 3255 3256
3256 3255 3257 3258
3258 3257 3259 3260
3260 3259 3261 3262
3262 3261 266 268
266 3261 3263 264
3261 3259 3264 3263
3259 3257 3265 3264
3257 3255 3266 3265
3255 3253 3267 3266
3253 3251 3268 3267
3251 3249 3269 3268
3249 3247 3270 3269
3247 3245 3271 3270
3245 3243 3272 3271
3243 3241 3273 3272
3241 3239 3274 3273
3239 3237 3275 3274
3237 3235 3276 3275
3235 3233 3277 3276
3233 3231 3278 3277
3231 3229 3279 3278
3229 3227 3280 3279
3227 3225 3281 3280
3225 3223 3282 3281
3223 3221 3283 3282
3221 3219 3284 3283
3219 3217 3285 3284
3217 3215 3286 3285
3215 3213 3287 3286
3213 3211 3288 3287
3211 3209 3289 3288
3209 3207 3290 3289
3207 3205 3291 3290
3205 3203 3292 3291
3203 3201 3293 3292
3201 3199 3294 3293
3199 3197 3295 3294
3197 3195 3296 3295
3195 3192 3297 3296
3192 3191 3298 3297
264 3263 3299 261
3263 3264 3300 3299
3264 3265 3301 3300
3265 3266 3302 3301
3266 3267 3303 3302
3267 3268 3304 3303
3268 3269 3305 3304
3269 3270 3306 3305
3270 3271 3307 3306
3271 3272 3308 3307
3272 3273 3309 3308
3273 3274 3310 3309
3274 3275 3311 3310
3275 3276 3312 3311
3276 3277 3313 3312
3277 3278 3314 3313
3278 3279 3315 3314
3279 3280 3316 3315
3280 3281 3317 3316
3281 3282 3318 3317
3282 3283 3319 3318
3283 3284 3320 3319
3284 3285 3321 3320
3285 3286 3322 3321
3286 3287 3323 3322
3287 3288 3324 3323
3288 3289 3325 3324
3289 3290 3326 3325
3290 3291 3327 3326
3291 3292 3328 3327
3292 3293 3329 3328
3293 3294 3330 3329
3294 3295 3331 3330
3295 3296 3332 3331
3296 3297 3333 3332
3297 3298 3334 3333
261 3299 3335 262
3299 3300 3336 3335
3300 3301 3337 3336
3301 3302 3338 3337
3302 3303 3339 3338
3303 3304 3340 3339
3304 3305 3341 3340
3305 3306 3342 3341
3306 3307 3343 3342
3307 3308 3344 3343
3308 3309 3345 3344
3309 3310 3346 3345
3310 3311 3347 3346
3311 3312 3348 3347
3312 3313 3349 3348
3313 3314 3350 3349
3314 3315 3351 3350
3315 3316 3352 3351
3316 3317 3353 3352
3317 3318 3354 3353
3318 3319 3355 3354
3319 3320 3356 3355
3320 3321 3357 3356
3321 3322 3358 3357
3322 3323 3359 3358
3323 3324 3360 3359
3324 3325 3361 3360
3325 3326 3362 3361
3326 3327 3363 3362
3327 3328 3364 3363
3328 3329 3365 3364
3329 3330 3366 3365
3330 3331 3367 3366
3331 3332 3368 3367
3332 3333 3369 3368
3333 3334 3370 3369
3371 3372 3373 3374
3373 3372 3375 3376
3376 3375 3377 3378
3378 3377 3379 3380
3380 3379 3381 3382
3382 3381 3383 3384
3384 3383 3385 3386
3386 3385 3387 3388
3388 3387 3389 3390
3390 3389 3391 3392
3392 3391 3393 3394
3394 3393 3395 3396
3396 3395 3397 3398
3398 3397 3399 3400
3400 3399 3401 3402
3402 3401 3403 3404
3404 3403 3405 3406
3406 3405 3407 3408
3408 3407 3409 3410
3410 3409 3411 3412
3412 3411 3413 3414
3414 3413 3415 3416
3416 3415 3417 3418
3418 3417 3419 3420
3420 3419 3421 3422
3422 3421 3423 3424
3424 3423 3425 3426
3426 3425 3427 3428
3428 3427 3429 3430
3430 3429 3431 3432
3432 3431 3433 3434
3434 3433 3435 3436
3436 3435 3437 3438
3438 3437 3439 3440
3440 3439 3441 3442
3442 3441 741 317
741 3441 3443 739
3441 3439 3444 3443
3439 3437 3445 3444
3437 3435 3446 3445
3435 3433 3447 3446
3433 3431 3448 3447
3431 3429 3449 3448
3429 3427 3450 3449
3427 3425 3451 3450
3425 3423 3452 3451
3423 3421 3453 3452
3421 3419 3454 3453
3419 3417 3455 3454
3417 3415 3456 3455
3415 3413 3457 3456
3413 3411 3458 3457
3411 3409 3459 3458
3409 3407 3460 3459
3407 3405 3461 3460
3405 3403 3462 3461
3403 3401 3463 3462
3401 3399 3464 3463
3399 3397 3465 3464
3397 3395 3466 3465
3395 3393 3467 3466
3393 3391 3468 3467
3391 3389 3469 3468
3389 3387 3470 3469
3387 3385 3471 3470
3385 3383 3472 3471
3383 3381 3473 3472
3381 3379 3474 3473
3379 3377 3475 3474
3377 3375 3476 3475
3375 3372 3477 3476
3372 3371 3478 3477
739 3443 3479 737
3443 3444 3480 3479
3444 3445 3481 3480
3445 3446 3482 3481
3446 3447 3483 3482
3447 3448 3484 3483
3448 3449 3485 3484
3449 3450 3486 3485
3450 3451 3487 3486
3451 3452 3488 3487
3452 3453 3489 3488
3453 3454 3490 3489
3454 3455 3491 3490
3455 3456 3492 3491
3456 3457 3493 3492
3457 3458 3494 3493
3458 3459 3495 3494
3459 3460 3496 3495
3460 3461 3497 3496
3461 3462 3498 3497
3462 3463 3499 3498
3463 3464 3500 3499
3464 3465 3501 3500
3465 3466 3502 3501
3466 3467 3503 3502
3467 3468 3504 3503
3468 3469 3505 3504
3469 3470 3506 3505
3470 3471 3507 3506
3471 3472 3508 3507
3472 3473 3509 3508
3473 3474 3510 3509
3474 3475 3511 3510
3475 3476 3512 3511
3476 3477 3513 3512
3477 3478 3514 3513
737 3479 3262 268
3479 3480 3260 3262
3480 3481 3258 3260
3481 3482 3256 3258
3482 3483 3254 3256
3483 3484 3252 3254
3484 3485 3250 3252
3485 3486 3248 3250
3486 3487 3246 3248
3487 3488 3244 3246
3488 3489 3242 3244
3489 3490 3240 3242
3490 3491 3238 3240
3491 3492 3236 3238
3492 3493 3234 3236
3493 3494 3232 3234
3494 3495 3230 3232
3495 3496 3228 3230
3496 3497 3226 3228
3497 3498 3224 3226
3498 3499 3222 3224
3499 3500 3220 3222
3500 3501 3218 3220
3501 3502 3216 3218
3502 3503 3214 3216
3503 3504 3212 3214
3504 3505 3210 3212
3505 3506 3208 3210
3506 3507 3206 3208
3507 3508 3204 3206
3508 3509 3202 3204
3509 3510 3200 3202
3510 3511 3198 3200
3511 3512 3196 3198
3512 3513 3193 3196
3513 3514 3194 3193
3515 3516 3369 3370
3369 3516 3517 3368
3368 3517 3518 3367
3367 3518 3519 3366
3366 3519 3520 3365
3365 3520 3521 3364
3364 3521 3522 3363
3363 3522 3523 3362
3362 3523 3524 3361
3361 3524 3525 3360
3360 3525 3526 3359
3359 3526 3527 3358
3358 3527 3528 3357
3357 3528 3529 3356
3356 3529 3530 3355
3355 3530 3531 3354
3354 3531 3532 3353
3353 3532 3533 3352
3352 3533 3534 3351
3351 3534 3535 3350
3350 3535 3536 3349
3349 3536 3537 3348
3348 3537 3538 3347
3347 3538 3539 3346
3346 3539 3540 3345
3345 3540 3541 3344
3344 3541 3542 3343
3343 3542 3543 3342
3342 3543 3544 3341
3341 3544 3545 3340
3340 3545 3546 3339
3339 3546 3547 3338
3338 3547 3548 3337
3337 3548 3549 3336
3336 3549 3550 3335
3335 3550 321 262
321 3550 3551 319
3550 3549 3552 3551
3549 3548 3553 3552
3548 3547 3554 3553
3547 3546 3555 3554
3546 3545 3556 3555
3545 3544 3557 3556
3544 3543 3558 3557
3543 3542 3559 3558
3542 3541 3560 3559
3541 3540 3561 3560
3540 3539 3562 3561
3539 3538 3563 3562
3538 3537 3564 3563
3537 3536 3565 3564
3536 3535 3566 3565
3535 3534 3567 3566
3534 3533 3568 3567
3533 3532 3569 3568
3532 3531 3570 3569
3531 3530 3571 3570
3530 3529 3572 3571
3529 3528 3573 3572
3528 3527 3574 3573
3527 3526 3575 3574
3526 3525 3576 3575
3525 3524 3577 3576
3524 3523 3578 3577
3523 3522 3579 3578
3522 3521 3580 3579
3521 3520 3581 3580
3520 3519 3582 3581
3519 3518 3583 3582
3518 3517 3584 3583
3517 3516 3585 3584
3516 3515 3586 3585
319 3551 3587 316
3551 3552 3588 3587
3552 3553 3589 3588
3553 3554 3590 3589
3554 3555 3591 3590
3555 3556 3592 3591
3556 3557 3593 3592
3557 3558 3594 3593
3558 3559 3595 3594
3559 3560 3596 3595
3560 3561 3597 3596
3561 3562 3598 3597
3562 3563 3599 3598
3563 3564 3600 3599
3564 3565 3601 3600
3565 3566 3602 3601
3566 3567 3603 3602
3567 3568 3604 3603
3568 3569 3605 3604
3569 3570 3606 3605
3570 3571 3607 3606
3571 3572 3608 3607
3572 3573 3609 3608
3573 3574 3610 3609
3574 3575 3611 3610
3575 3576 3612 3611
3576 3577 3613 3612
3577 3578 3614 3613
3578 3579 3615 3614
3579 3580 3616 3615
3580 3581 3617 3616
3581 3582 3618 3617
3582 3583 3619 3618
3583 3584 3620 3619
3584 3585 3621 3620
3585 3586 3622 3621
316 3587 3442 317
3587 3588 3440 3442
3588 3589 3438 3440
3589 3590 3436 3438
3590 3591 3434 3436
3591 3592 3432 3434
3592 3593 3430 3432
3593 3594 3428 3430
3594 3595 3426 3428
3595 3596 3424 3426
3596 3597 3422 3424
3597 3598 3420 3422
3598 3599 3418 3420
3599 3600 3416 3418
3600 3601 3414 3416
3601 3602 3412 3414
3602 3603 3410 3412
3603 3604 3408 3410
3604 3605 3406 3408
3605 3606 3404 3406
3606 3607 3402 3404
3607 3608 3400 3402
3608 3609 3398 3400
3609 3610 3396 3398
3610 3611 3394 3396
3611 3612 3392 3394
3612 3613 3390 3392
3613 3614 3388 3390
3614 3615 3386 3388
3615 3616 3384 3386
3616 3617 3382 3384
3617 3618 3380 3382
3618 3619 3378 3380
3619 3620 3376 3378
3620 3621 3373 3376
3621 3622 3374 3373
3623 3624 3625 3626
3625 3624 3627 3628
3628 3627 3629 3630
3630 3629 3631 3632
3631 3629 3633 3634
3629 3627 3635 3633
3627 3624 3636 3635
3624 3623 3637 3636
3634 3633 3638 3639
3633 3635 3640 3638
3635 3636 3641 3640
3636 3637 3642 3641
3639 3638 3643 3644
3638 3640 3645 3643
3640 3641 3646 3645
3641 3642 3647 3646
3644 3643 3648 3649
3643 3645 3650 3648
3645 3646 3651 3650
3646 3647 3652 3651
3649 3648 3653 3654
3648 3650 3655 3653
3650 3651 3656 3655
3651 3652 3657 3656
3654 3653 3658 3659
3653 3655 3660 3658
3655 3656 3661 3660
3656 3657 3662 3661
3659 3658 3663 3664
3658 3660 3665 3663
3660 3661 3666 3665
3661 3662 3667 3666
3664 3663 3668 3669
3663 3665 3670 3668
3665 3666 3671 3670
3666 3667 3672 3671
3669 3668 3673 3674
3668 3670 3675 3673
3670 3671 3676 3675
3671 3672 3677 3676
3674 3673 3678 3679
3673 3675 3680 3678
3675 3676 3681 3680
3676 3677 3682 3681
3679 3678 3683 3684
3678 3680 3685 3683
3680 3681 3686 3685
3681 3682 3687 3686
3684 3683 3688 3689
3683 3685 3690 3688
3685 3686 3691 3690
3686 3687 3692 3691
3689 3688 3693 3694
3688 3690 3695 3693
3690 3691 3696 3695
3691 3692 3697 3696
3694 3693 3698 3699
3693 3695 3700 3698
3695 3696 3701 3700
3696 3697 3702 3701
3699 3698 3703 3704
3698 3700 3705 3703
3700 3701 3706 3705
3701 3702 3707 3706
3704 3703 3708 3709
3703 3705 3710 3708
3705 3706 3711 3710
3706 3707 3712 3711
3709 3708 3713 3714
3708 3710 3715 3713
3710 3711 3716 3715
3711 3712 3717 3716
3714 3713 3718 3719
3713 3715 3720 3718
3715 3716 3721 3720
3716 3717 3722 3721
3719 3718 3723 3724
3718 3720 3725 3723
3720 3721 3726 3725
3721 3722 3727 3726
3724 3723 3728 3729
3723 3725 3730 3728
3725 3726 3731 3730
3726 3727 3732 3731
3729 3728 3733 3734
3728 3730 3735 3733
3730 3731 3736 3735
3731 3732 3737 3736
3734 3733 3738 3739
3733 3735 3740 3738
3735 3736 3741 3740
3736 3737 3742 3741
3739 3738 3743 3744
3738 3740 3745 3743
3740 3741 3746 3745
3741 3742 3747 3746
3744 3743 3748 3749
3743 3745 3750 3748
3745 3746 3751 3750
3746 3747 3752 3751
3749 3748 3753 3754
3748 3750 3755 3753
3750 3751 3756 3755
3751 3752 3757 3756
3754 3753 3758 3759
3753 3755 3760 3758
3755 3756 3761 3760
3756 3757 3762 3761
3759 3758 3763 3764
3758 3760 3765 3763
3760 3761 3766 3765
3761 3762 3767 3766
3764 3763 3768 3769
3763 3765 3770 3768
3765 3766 3771 3770
3766 3767 3772 3771
3769 3768 3773 3774
3768 3770 3775 3773
3770 3771 3776 3775
3771 3772 3777 3776
3774 3773 3778 3779
3773 3775 3780 3778
3775 3776 3781 3780
3776 3777 3782 3781
3779 3778 3783 3784
3778 3780 3785 3783
3780 3781 3786 3785
3781 3782 3787 3786
3784 3783 3788 3789
3783 3785 3790 3788
3785 3786 3791 3790
3786 3787 3792 3791
3789 3788 3793 3794
3788 3790 3795 3793
3790 3791 3796 3795
3791 3792 3797 3796
3794 3793 3798 3799
3793 3795 3800 3798
3795 3796 3801 3800
3796 3797 3802 3801
3799 3798 419 360
3798 3800 417 419
3800 3801 414 417
3801 3802 415 414
704 3803 3804 366
3804 3803 3805 3806
3806 3805 3807 3808
3808 3807 3809 3810
3810 3809 3811 3812
3812 3811 3813 3814
3814 3813 3815 3816
3816 3815 3817 3818
3818 3817 3819 3820
3820 3819 3821 3822
3822 3821 3823 3824
3824 3823 3825 3826
3826 3825 3827 3828
3828 3827 3829 3830
3830 3829 3831 3832
3832 3831 3833 3834
3834 3833 3835 3836
3836 3835 3837 3838
3838 3837 3839 3840
3840 3839 3841 3842
3842 3841 3843 3844
3844 3843 3845 3846
3846 3845 3847 3848
3848 3847 3849 3850
3850 3849 3851 3852
3852 3851 3853 3854
3854 3853 3855 3856
3856 3855 3857 3858
3858 3857 3859 3860
3860 3859 3861 3862
3862 3861 3863 3864
3864 3863 3865 3866
3866 3865 3867 3868
3868 3867 3869 3870
3870 3869 3871 3872
3872 3871 3873 3874
3873 3871 3875 3876
3871 3869 3877 3875
3869 3867 3878 3877
3867 3865 3879 3878
3865 3863 3880 3879
3863 3861 3881 3880
3861 3859 3882 3881
3859 3857 3883 3882
3857 3855 3884 3883
3855 3853 3885 3884
3853 3851 3886 3885
3851 3849 3887 3886
3849 3847 3888 3887
3847 3845 3889 3888
3845 3843 3890 3889
3843 3841 3891 3890
3841 3839 3892 3891
3839 3837 3893 3892
3837 3835 3894 3893
3835 3833 3895 3894
3833 3831 3896 3895
3831 3829 3897 3896
3829 3827 3898 3897
3827 3825 3899 3898
3825 3823 3900 3899
3823 3821 3901 3900
3821 3819 3902 3901
3819 3817 3903 3902
3817 3815 3904 3903
3815 3813 3905 3904
3813 3811 3906 3905
3811 3809 3907 3906
3809 3807 3908 3907
3807 3805 3909 3908
3805 3803 3910 3909
3803 704 706 3910
3876 3875 3911 3912
3875 3877 3913 3911
3877 3878 3914 3913
3878 3879 3915 3914
3879 3880 3916 3915
3880 3881 3917 3916
3881 3882 3918 3917
3882 3883 3919 3918
3883 3884 3920 3919
3884 3885 3921 3920
3885 3886 3922 3921
3886 3887 3923 3922
3887 3888 3924 3923
3888 3889 3925 3924
3889 3890 3926 3925
3890 3891 3927 3926
3891 3892 3928 3927
3892 3893 3929 3928
3893 3894 3930 3929
3894 3895 3931 3930
3895 3896 3932 3931
3896 3897 3933 3932
3897 3898 3934 3933
3898 3899 3935 3934
3899 3900 3936 3935
3900 3901 3937 3936
3901 3902 3938 3937
3902 3903 3939 3938
3903 3904 3940 3939
3904 3905 3941 3940
3905 3906 3942 3941
3906 3907 3943 3942
3907 3908 3944 3943
3908 3909 3945 3944
3909 3910 3946 3945
3910 706 708 3946
3912 3911 3623 3626
3911 3913 3637 3623
3913 3914 3642 3637
3914 3915 3647 3642
3915 3916 3652 3647
3916 3917 3657 3652
3917 3918 3662 3657
3918 3919 3667 3662
3919 3920 3672 3667
3920 3921 3677 3672
3921 3922 3682 3677
3922 3923 3687 3682
3923 3924 3692 3687
3924 3925 3697 3692
3925 3926 3702 3697
3926 3927 3707 3702
3927 3928 3712 3707
3928 3929 3717 3712
3929 3930 3722 3717
3930 3931 3727 3722
3931 3932 3732 3727
3932 3933 3737 3732
3933 3934 3742 3737
3934 3935 3747 3742
3935 3936 3752 3747
3936 3937 3757 3752
3937 3938 3762 3757
3938 3939 3767 3762
3939 3940 3772 3767
3940 3941 3777 3772
3941 3942 3782 3777
3942 3943 3787 3782
3943 3944 3792 3787
3944 3945 3797 3792
3945 3946 3802 3797
3946 708 415 3802
359 3947 3799 360
3799 3947 3948 3794
3794 3948 3949 3789
3789 3949 3950 3784
3784 3950 3951 3779
3779 3951 3952 3774
3774 3952 3953 3769
3769 3953 3954 3764
3764 3954 3955 3759
3759 3955 3956 3754
3754 3956 3957 3749
3749 3957 3958 3744
3744 3958 3959 3739
3739 3959 3960 3734
3734 3960 3961 3729
3729 3961 3962 3724
3724 3962 3963 3719
3719 3963 3964 3714
3714 3964 3965 3709
3709 3965 3966 3704
3704 3966 3967 3699
3699 3967 3968 3694
3694 3968 3969 3689
3689 3969 3970 3684
3684 3970 3971 3679
3679 3971 3972 3674
3674 3972 3973 3669
3669 3973 3974 3664
3664 3974 3975 3659
3659 3975 3976 3654
3654 3976 3977 3649
3649 3977 3978 3644
3644 3978 3979 3639
3639 3979 3980 3634
3634 3980 3981 3631
3631 3981 3982 3632
3982 3981 3983 3984
3981 3980 3985 3983
3980 3979 3986 3985
3979 3978 3987 3986
3978 3977 3988 3987
3977 3976 3989 3988
3976 3975 3990 3989
3975 3974 3991 3990
3974 3973 3992 3991
3973 3972 3993 3992
3972 3971 3994 3993
3971 3970 3995 3994
3970 3969 3996 3995
3969 3968 3997 3996
3968 3967 3998 3997
3967 3966 3999 3998
3966 3965 4000 3999
3965 3964 4001 4000
3964 3963 4002 4001
3963 3962 4003 4002
3962 3961 4004 4003
3961 3960 4005 4004
3960 3959 4006 4005
3959 3958 4007 4006
3958 3957 4008 4007
3957 3956 4009 4008
3956 3955 4010 4009
3955 3954 4011 4010
3954 3953 4012 4011
3953 3952 4013 4012
3952 3951 4014 4013
3951 3950 4015 4014
3950 3949 4016 4015
3949 3948 4017 4016
3948 3947 4018 4017
3947 359 362 4018
3984 3983 4019 4020
3983 3985 4021 4019
3985 3986 4022 4021
3986 3987 4023 4022
3987 3988 4024 4023
3988 3989 4025 4024
3989 3990 4026 4025
3990 3991 4027 4026
3991 3992 4028 4027
3992 3993 4029 4028
3993 3994 4030 4029
3994 3995 4031 4030
3995 3996 4032 4031
3996 3997 4033 4032
3997 3998 4034 4033
3998 3999 4035 4034
3999 4000 4036 4035
4000 4001 4037 4036
4001 4002 4038 4037
4002 4003 4039 4038
4003 4004 4040 4039
4004 4005 4041 4040
4005 4006 4042 4041
4006 4007 4043 4042
4007 4008 4044 4043
4008 4009 4045 4044
4009 4010 4046 4045
4010 4011 4047 4046
4011 4012 4048 4047
4012 4013 4049 4048
4013 4014 4050 4049
4014 4015 4051 4050
4015 4016 4052 4051
4016 4017 4053 4052
4017 4018 4054 4053
4018 362 364 4054
4020 4019 3872 3874
4019 4021 3870 3872
4021 4022 3868 3870
4022 4023 3866 3868
4023 4024 3864 3866
4024 4025 3862 3864
4025 4026 3860 3862
4026 4027 3858 3860
4027 4028 3856 3858
4028 4029 3854 3856
4029 4030 3852 3854
4030 4031 3850 3852
4031 4032 3848 3850
4032 4033 3846 3848
4033 4034 3844 3846
4034 4035 3842 3844
4035 4036 3840 3842
4036 4037 3838 3840
4037 4038 3836 3838
4038 4039 3834 3836
4039 4040 3832 3834
4040 4041 3830 3832
4041 4042 3828 3830
4042 4043 3826 3828
4043 4044 3824 3826
4044 4045 3822 3824
4045 4046 3820 3822
4046 4047 3818 3820
4047 4048 3816 3818
4048 4049 3814 3816
4049 4050 3812 3814
4050 4051 3810 3812
4051 4052 3808 3810
4052 4053 3806 3808
4053 4054 3804 3806
4054 364 366 3804
4055 4056 4057 4058
4057 4056 4059 4060
4060 4059 4061 4062
4062 4061 4063 4064
4064 4063 4065 4066
4066 4065 4067 4068
4068 4067 4069 4070
4070 4069 4071 4072
4072 4071 4073 4074
4074 4073 4075 4076
4076 4075 4077 4078
4078 4077 4079 4080
4080 4079 4081 4082
4082 4081 4083 4084
4084 4083 4085 4086
4086 4085 4087 4088
4088 4087 4089 4090
4090 4089 4091 4092
4092 4091 4093 4094
4094 4093 4095 4096
4096 4095 4097 4098
4098 4097 4099 4100
4100 4099 4101 4102
4102 4101 4103 4104
4104 4103 4105 4106
4106 4105 4107 4108
4108 4107 4109 4110
4110 4109 4111 4112
4112 4111 4113 4114
4114 4113 4115 4116
4116 4115 4117 4118
4118 4117 4119 4120
4120 4119 4121 4122
4122 4121 4123 4124
4124 4123 4125 4126
4126 4125 4127 4128
4128 4127 4129 4130
4130 4129 462 464
462 4129 4131 460
4129 4127 4132 4131
4127 4125 4133 4132
4125 4123 4134 4133
4123 4121 4135 4134
4121 4119 4136 4135
4119 4117 4137 4136
4117 4115 4138 4137
4115 4113 4139 4138
4113 4111 4140 4139
4111 4109 4141 4140
4109 4107 4142 4141
4107 4105 4143 4142
4105 4103 4144 4143
4103 4101 4145 4144
4101 4099 4146 4145
4099 4097 4147 4146
4097 4095 4148 4147
4095 4093 4149 4148
4093 4091 4150 4149
4091 4089 4151 4150
4089 4087 4152 4151
4087 4085 4153 4152
4085 4083 4154 4153
4083 4081 4155 4154
4081 4079 4156 4155
4079 4077 4157 4156
4077 4075 4158 4157
4075 4073 4159 4158
4073 4071 4160 4159
4071 4069 4161 4160
4069 4067 4162 4161
4067 4065 4163 4162
4065 4063 4164 4163
4063 4061 4165 4164
4061 4059 4166 4165
4059 4056 4167 4166
4056 4055 4168 4167
460 4131 4169 457
4131 4132 4170 4169
4132 4133 4171 4170
4133 4134 4172 4171
4134 4135 4173 4172
4135 4136 4174 4173
4136 4137 4175 4174
4137 4138 4176 4175
4138 4139 4177 4176
4139 4140 4178 4177
4140 4141 4179 4178
4141 4142 4180 4179
4142 4143 4181 4180
4143 4144 4182 4181
4144 4145 4183 4182
4145 4146 4184 4183
4146 4147 4185 4184
4147 4148 4186 4185
4148 4149 4187 4186
4149 4150 4188 4187
4150 4151 4189 4188
4151 4152 4190 4189
4152 4153 4191 4190
4153 4154 4192 4191
4154 4155 4193 4192
4155 4156 4194 4193
4156 4157 4195 4194
4157 4158 4196 4195
4158 4159 4197 4196
4159 4160 4198 4197
4160 4161 4199 4198
4161 4162 4200 4199
4162 4163 4201 4200
4163 4164 4202 4201
4164 4165 4203 4202
4165 4166 4204 4203
4166 4167 4205 4204
4167 4168 4206 4205
457 4169 4207 458
4169 4170 4208 4207
4170 4171 4209 4208
4171 4172 4210 4209
4172 4173 4211 4210
4173 4174 4212 4211
4174 4175 4213 4212
4175 4176 4214 4213
4176 4177 4215 4214
4177 4178 4216 4215
4178 4179 4217 4216
4179 4180 4218 4217
4180 4181 4219 4218
4181 4182 4220 4219
4182 4183 4221 4220
4183 4184 4222 4221
4184 4185 4223 4222
4185 4186 4224 4223
4186 4187 4225 4224
4187 4188 4226 4225
4188 4189 4227 4226
4189 4190 4228 4227
4190 4191 4229 4228
4191 4192 4230 4229
4192 4193 4231 4230
4193 4194 4232 4231
4194 4195 4233 4232
4195 4196 4234 4233
4196 4197 4235 4234
4197 4198 4236 4235
4198 4199 4237 4236
4199 4200 4238 4237
4200 4201 4239 4238
4201 4202 4240 4239
4202 4203 4241 4240
4203 4204 4242 4241
4204 4205 4243 4242
4205 4206 4244 4243
502 4245 4246 503
4246 4245 4247 4248
4248 4247 4249 4250
4250 4249 4251 4252
4252 4251 4253 4254
4254 4253 4255 4256
4256 4255 4257 4258
4258 4257 4259 4260
4260 4259 4261 4262
4262 4261 4263 4264
4264 4263 4265 4266
4266 4265 4267 4268
4268 4267 4269 4270
4270 4269 4271 4272
4272 4271 4273 4274
4274 4273 4275 4276
4276 4275 4277 4278
4278 4277 4279 4280
4280 4279 4281 4282
4282 4281 4283 4284
4284 4283 4285 4286
4286 4285 4287 4288
4288 4287 4289 4290
4290 4289 4291 4292
4292 4291 4293 4294
4294 4293 4295 4296
4296 4295 4297 4298
4298 4297 4299 4300
4300 4299 4301 4302
4302 4301 4303 4304
4304 4303 4305 4306
4306 4305 4307 4308
4308 4307 4309 4310
4310 4309 4311 4312
4312 4311 4313 4314
4314 4313 4315 4316
4316 4315 4317 4318
4318 4317 4319 4320
4319 4317 4321 4322
4317 4315 4323 4321
4315 4313 4324 4323
4313 4311 4325 4324
4311 4309 4326 4325
4309 4307 4327 4326
4307 4305 4328 4327
4305 4303 4329 4328
4303 4301 4330 4329
4301 4299 4331 4330
4299 4297 4332 4331
4297 4295 4333 4332
4295 4293 4334 4333
4293 4291 4335 4334
4291 4289 4336 4335
4289 4287 4337 4336
4287 4285 4338 4337
4285 4283 4339 4338
4283 4281 4340 4339
4281 4279 4341 4340
4279 4277 4342 4341
4277 4275 4343 4342
4275 4273 4344 4343
4273 4271 4345 4344
4271 4269 4346 4345
4269 4267 4347 4346
4267 4265 4348 4347
4265 4263 4349 4348
4263 4261 4350 4349
4261 4259 4351 4350
4259 4257 4352 4351
4257 4255 4353 4352
4255 4253 4354 4353
4253 4251 4355 4354
4251 4249 4356 4355
4249 4247 4357 4356
4247 4245 4358 4357
4245 502 505 4358
4322 4321 4359 4360
4321 4323 4361 4359
4323 4324 4362 4361
4324 4325 4363 4362
4325 4326 4364 4363
4326 4327 4365 4364
4327 4328 4366 4365
4328 4329 4367 4366
4329 4330 4368 4367
4330 4331 4369 4368
4331 4332 4370 4369
4332 4333 4371 4370
4333 4334 4372 4371
4334 4335 4373 4372
4335 4336 4374 4373
4336 4337 4375 4374
4337 4338 4376 4375
4338 4339 4377 4376
4339 4340 4378 4377
4340 4341 4379 4378
4341 4342 4380 4379
4342 4343 4381 4380
4343 4344 4382 4381
4344 4345 4383 4382
4345 4346 4384 4383
4346 4347 4385 4384
4347 4348 4386 4385
4348 4349 4387 4386
4349 4350 4388 4387
4350 4351 4389 4388
4351 4352 4390 4389
4352 4353 4391 4390
4353 4354 4392 4391
4354 4355 4393 4392
4355 4356 4394 4393
4356 4357 4395 4394
4357 4358 4396 4395
4358 505 507 4396
4360 4359 4243 4244
4359 4361 4242 4243
4361 4362 4241 4242
4362 4363 4240 4241
4363 4364 4239 4240
4364 4365 4238 4239
4365 4366 4237 4238
4366 4367 4236 4237
4367 4368 4235 4236
4368 4369 4234 4235
4369 4370 4233 4234
4370 4371 4232 4233
4371 4372 4231 4232
4372 4373 4230 4231
4373 4374 4229 4230
4374 4375 4228 4229
4375 4376 4227 4228
4376 4377 4226 4227
4377 4378 4225 4226
4378 4379 4224 4225
4379 4380 4223 4224
4380 4381 4222 4223
4381 4382 4221 4222
4382 4383 4220 4221
4383 4384 4219 4220
4384 4385 4218 4219
4385 4386 4217 4218
4386 4387 4216 4217
4387 4388 4215 4216
4388 4389 4214 4215
4389 4390 4213 4214
4390 4391 4212 4213
4391 4392 4211 4212
4392 4393 4210 4211
4393 4394 4209 4210
4394 4395 4208 4209
4395 4396 4207 4208
4396 507 458 4207
677 4397 4130 464
4130 4397 4398 4128
4128 4398 4399 4126
4126 4399 4400 4124
4124 4400 4401 4122
4122 4401 4402 4120
4120 4402 4403 4118
4118 4403 4404 4116
4116 4404 4405 4114
4114 4405 4406 4112
4112 4406 4407 4110
4110 4407 4408 4108
4108 4408 4409 4106
4106 4409 4410 4104
4104 4410 4411 4102
4102 4411 4412 4100
4100 4412 4413 4098
4098 4413 4414 4096
4096 4414 4415 4094
4094 4415 4416 4092
4092 4416 4417 4090
4090 4417 4418 4088
4088 4418 4419 4086
4086 4419 4420 4084
4084 4420 4421 4082
4082 4421 4422 4080
4080 4422 4423 4078
4078 4423 4424 4076
4076 4424 4425 4074
4074 4425 4426 4072
4072 4426 4427 4070
4070 4427 4428 4068
4068 4428 4429 4066
4066 4429 4430 4064
4064 4430 4431 4062
4062 4431 4432 4060
4060 4432 4433 4057
4057 4433 4434 4058
4434 4433 4435 4436
4433 4432 4437 4435
4432 4431 4438 4437
4431 4430 4439 4438
4430 4429 4440 4439
4429 4428 4441 4440
4428 4427 4442 4441
4427 4426 4443 4442
4426 4425 4444 4443
4425 4424 4445 4444
4424 4423 4446 4445
4423 4422 4447 4446
4422 4421 4448 4447
4421 4420 4449 4448
4420 4419 4450 4449
4419 4418 4451 4450
4418 4417 4452 4451
4417 4416 4453 4452
4416 4415 4454 4453
4415 4414 4455 4454
4414 4413 4456 4455
4413 4412 4457 4456
4412 4411 4458 4457
4411 4410 4459 4458
4410 4409 4460 4459
4409 4408 4461 4460
4408 4407 4462 4461
4407 4406 4463 4462
4406 4405 4464 4463
4405 4404 4465 4464
4404 4403 4466 4465
4403 4402 4467 4466
4402 4401 4468 4467
4401 4400 4469 4468
4400 4399 4470 4469
4399 4398 4471 4470
4398 4397 4472 4471
4397 677 679 4472
4436 4435 4473 4474
4435 4437 4475 4473
4437 4438 4476 4475
4438 4439 4477 4476
4439 4440 4478 4477
4440 4441 4479 4478
4441 4442 4480 4479
4442 4443 4481 4480
4443 4444 4482 4481
4444 4445 4483 4482
4445 4446 4484 4483
4446 4447 4485 4484
4447 4448 4486 4485
4448 4449 4487 4486
4449 4450 4488 4487
4450 4451 4489 4488
4451 4452 4490 4489
4452 4453 4491 4490
4453 4454 4492 4491
4454 4455 4493 4492
4455 4456 4494 4493
4456 4457 4495 4494
4457 4458 4496 4495
4458 4459 4497 4496
4459 4460 4498 4497
4460 4461 4499 4498
4461 4462 4500 4499
4462 4463 4501 4500
4463 4464 4502 4501
4464 4465 4503 4502
4465 4466 4504 4503
4466 4467 4505 4504
4467 4468 4506 4505
4468 4469 4507 4506
4469 4470 4508 4507
4470 4471 4509 4508
4471 4472 4510 4509
4472 679 681 4510
4474 4473 4318 4320
4473 4475 4316 4318
4475 4476 4314 4316
4476 4477 4312 4314
4477 4478 4310 4312
4478 4479 4308 4310
4479 4480 4306 4308
4480 4481 4304 4306
4481 4482 4302 4304
4482 4483 4300 4302
4483 4484 4298 4300
4484 4485 4296 4298
4485 4486 4294 4296
4486 4487 4292 4294
4487 4488 4290 4292
4488 4489 4288 4290
4489 4490 4286 4288
4490 4491 4284 4286
4491 4492 4282 4284
4492 4493 4280 4282
4493 4494 4278 4280
4494 4495 4276 4278
4495 4496 4274 4276
4496 4497 4272 4274
4497 4498 4270 4272
4498 4499 4268 4270
4499 4500 4266 4268
4500 4501 4264 4266
4501 4502 4262 4264
4502 4503 4260 4262
4503 4504 4258 4260
4504 4505 4256 4258
4505 4506 4254 4256
4506 4507 4252 4254
4507 4508 4250 4252
4508 4509 4248 4250
4509 4510 4246 4248
4510 681 503 4246
41 40 4511 178
4512 43 44 4513
178 4511 4514 177
4512 4513 4515 4516
4517 4512 4516 4518
133 4519 4520 131
4521 4522 4523 4524
4525 4521 4526 4527
4528 4529 4530 4531
4532 4528 4531 4533
4534 4535 4536 4537
4521 4524 4538 4526
4539 4540 4541 4542
4543 4544 4545 4546
4547 4543 4546 4548
4537 4536 4549 4550
4534 4537 4551 4552
4553 4534 4552 4554
4555 4556 4557 4558
4537 4550 4559 4560
4551 4537 4560 4561
4558 4557 4562 411
4557 4563 409 4562
40 42 4564 4511
42 43 4512 4564
4511 4564 4565 4514
4564 4512 4517 4565
4519 4566 4567 4520
4566 4528 4532 4567
4513 44 77 4568
4568 77 78 4569
4569 78 79 4570
4570 79 80 673
4513 4568 4571 4515
4568 4569 4572 4571
4569 4570 4573 4572
4570 673 674 4573
4522 4574 4575 4523
4574 4576 4577 4575
4576 4578 4579 4577
4578 675 646 4579
4535 4580 4581 4536
4580 4582 4583 4581
4582 4584 4585 4583
4584 645 647 4585
4536 4581 4586 4549
4581 4583 4587 4586
4583 4585 4588 4587
4585 647 648 4588
4573 674 675 4578
4572 4573 4578 4576
4571 4572 4576 4574
4515 4571 4574 4522
4516 4515 4522 4521
4518 4516 4521 4525
4529 4543 4547 4530
4579 646 645 4584
4577 4579 4584 4582
4575 4577 4582 4580
4523 4575 4580 4535
4524 4523 4535 4534
4524 4534 4553 4538
4542 4541 4589 4590
4546 4545 4591 4556
4548 4546 4556 4555
4588 648 576 575
4587 4588 575 577
4586 4587 577 578
4549 4586 578 579
4550 4549 579 612
4550 612 613 4559
4559 613 614 4592
4592 614 496 495
4560 4559 4592 4593
4593 4592 495 497
4561 4560 4593 4594
4594 4593 497 498
4563 4595 407 409
4595 534 408 407
4596 4594 498 499
4597 4596 499 532
4598 4597 532 533
4595 4598 533 534
4599 4561 4594 4596
4600 4599 4596 4597
4601 4600 4597 4598
4563 4601 4598 4595
4602 4551 4561 4599
4603 4602 4599 4600
4604 4603 4600 4601
4557 4604 4601 4563
4552 4551 4602 4605
4605 4602 4603 4606
4606 4603 4604 4607
4607 4604 4557 4556
4554 4552 4605 4608
4608 4605 4606 4609
4609 4606 4607 4610
4610 4607 4556 4591
4611 4542 4590 4612
4613 4611 4612 4614
4615 4613 4614 4616
4617 4615 4616 4618
4619 4539 4542 4611
4620 4619 4611 4613
4621 4620 4613 4615
4622 4621 4615 4617
4623 4525 4527 4624
4625 4623 4624 4626
4627 4625 4626 4628
4543 4627 4628 4544
4629 4518 4525 4623
4630 4629 4623 4625
4631 4630 4625 4627
4529 4631 4627 4543
4632 4517 4518 4629
4633 4632 4629 4630
4634 4633 4630 4631
4528 4634 4631 4529
4565 4517 4632 4635
4635 4632 4633 4636
4636 4633 4634 4637
4637 4634 4528 4566
4514 4565 4635 4638
4638 4635 4636 4639
4639 4636 4637 4640
4640 4637 4566 4519
177 4514 4638 176
176 4638 4639 135
135 4639 4640 134
134 4640 4519 133
4641 4558 411 452
4642 4641 452 453
4643 4642 453 454
309 4643 454 310
4644 4555 4558 4641
4645 4644 4641 4642
4646 4645 4642 4643
311 4646 4643 309
4647 4548 4555 4644
4648 4647 4644 4645
4649 4648 4645 4646
312 4649 4646 311
4650 4547 4548 4647
4651 4650 4647 4648
4652 4651 4648 4649
313 4652 4649 312
4530 4547 4650 4653
4653 4650 4651 4654
4654 4651 4652 4655
4655 4652 313 354
4531 4530 4653 4656
4656 4653 4654 4657
4657 4654 4655 4658
4658 4655 354 355
4533 4531 4656 4659
4659 4656 4657 4660
4660 4657 4658 4661
4661 4658 355 356
219 4661 356 220
221 4660 4661 219
222 4659 4660 221
223 4533 4659 222
256 4532 4533 223
4567 4532 256 257
4520 4567 257 258
131 4520 258 132
4527 4526 4662 4663
4663 4662 4540 4539
4624 4527 4663 4664
4664 4663 4539 4619
4626 4624 4664 4665
4665 4664 4619 4620
4628 4626 4665 4666
4666 4665 4620 4621
4544 4628 4666 4667
4667 4666 4621 4622
4544 4667 4668 4545
4667 4622 4617 4668
4545 4668 4669 4591
4668 4617 4618 4669
4670 4610 4591 4669
4616 4670 4669 4618
4671 4609 4610 4670
4614 4671 4670 4616
4672 4608 4609 4671
4612 4672 4671 4614
4673 4554 4608 4672
4590 4673 4672 4612
4674 4553 4554 4673
4589 4674 4673 4590
4538 4553 4674 4675
4675 4674 4589 4541
4526 4538 4675 4662
4662 4675 4541 4540
1910 1878 4676 1942
1878 1815 4678 4676
1815 1658 1657 4678
1942 4676 4677 2008
4676 4678 4679 4677
4678 1657 1660 4679
2008 4677 1974 1976
4677 4679 1664 1974
4679 1660 1662 1664
2287 2288 4680 2152
2288 2289 4682 4680
2289 2290 2372 4682
2152 4680 4681 2124
4680 4682 4683 4681
4682 2372 2373 4683
2124 4681 2093 2096
4681 4683 2094 2093
4683 2373 2374 2094
2853 2854 4697 2852
3106 3078 4684 3164
3078 3050 4685 4684
3050 2995 4686 4685
2995 2858 2857 4686
3164 4684 3134 3136
4684 4685 2864 3134
4685 4686 2862 2864
4686 2857 2860 2862
4322 4360 4687 4319
4360 4244 4206 4687
4319 4687 4688 4320
4687 4206 4168 4688
4320 4688 4689 4474
4688 4168 4055 4689
4474 4689 4434 4436
4689 4055 4058 4434
3622 3586 4690 3374
3586 3515 4692 4690
3515 3370 3334 4692
3374 4690 4691 3371
4690 4692 4693 4691
4692 3334 3298 4693
3371 4691 3514 3478
4691 4693 3194 3514
4693 3298 3191 3194
3873 3984 4020 3874
3876 3982 3984 3873
3912 3632 3982 3876
3626 3630 3632 3912
3625 3628 3630 3626
1431 1430 1398 4694
1526 1494 4695 4696
1271 1274 1654 4696
1558 1526 4696 1559
1494 1431 4694 4695
1366 4695 4694 1398
1271 4696 4695 1366
1654 1622 1559 4696
2734 2852 4697 2733
2731 4698 2573 2574
2731 2732 4699 4698
2571 4699 4697 2854
4697 4699 2732 2733
4699 2571 2570 4698
