coords 4697
0 1 2 3
2 1 4 5
5 4 6 7
7 6 8 9
8 6 10 11
6 4 12 10
4 1 13 12
1 0 14 13
11 10 15 16
10 12 17 15
12 13 18 17
13 14 19 18
16 15 20 21
15 17 22 20
17 18 23 22
18 19 24 23
21 20 25 26
20 22 27 25
22 23 28 27
23 24 29 28
26 25 30 31
25 27 32 30
27 28 33 32
28 29 34 33
31 30 35 36
30 32 37 35
32 33 38 37
33 34 39 38
36 35 40 41
35 37 42 40
37 38 43 42
38 39 44 43
45 46 47 48
47 46 49 50
50 49 51 52
52 51 0 3
0 51 53 14
51 49 54 53
49 46 55 54
46 45 56 55
14 53 57 19
53 54 58 57
54 55 59 58
55 56 60 59
19 57 61 24
57 58 62 61
58 59 63 62
59 60 64 63
24 61 65 29
61 62 66 65
62 63 67 66
63 64 68 67
29 65 69 34
65 66 70 69
66 67 71 70
67 68 72 71
34 69 73 39
69 70 74 73
70 71 75 74
71 72 76 75
39 73 77 44
73 74 78 77
74 75 79 78
75 76 80 79
81 82 83 84
83 82 85 86
86 85 87 88
88 87 89 90
89 87 91 92
87 85 93 91
85 82 94 93
82 81 95 94
92 91 96 97
91 93 98 96
93 94 99 98
94 95 100 99
97 96 101 102
96 98 103 101
98 99 104 103
99 100 105 104
102 101 106 107
101 103 108 106
103 104 109 108
104 105 110 109
107 106 111 112
106 108 113 111
108 109 114 113
109 110 115 114
112 111 116 117
111 113 118 116
113 114 119 118
114 115 120 119
117 116 121 122
116 118 123 121
118 119 124 123
119 120 125 124
122 121 126 127
121 123 128 126
123 124 129 128
124 125 130 129
127 126 131 132
126 128 133 131
128 129 134 133
129 130 135 134
136 137 138 139
138 137 140 141
141 140 142 143
143 142 81 84
81 142 144 95
142 140 145 144
140 137 146 145
137 136 147 146
95 144 148 100
144 145 149 148
145 146 150 149
146 147 151 150
100 148 152 105
148 149 153 152
149 150 154 153
150 151 155 154
105 152 156 110
152 153 157 156
153 154 158 157
154 155 159 158
110 156 160 115
156 157 161 160
157 158 162 161
158 159 163 162
115 160 164 120
160 161 165 164
161 162 166 165
162 163 167 166
120 164 168 125
164 165 169 168
165 166 170 169
166 167 171 170
125 168 172 130
168 169 173 172
169 170 174 173
170 171 175 174
130 172 176 135
172 173 177 176
173 174 178 177
174 175 41 178
179 180 181 182
181 180 183 184
184 183 185 186
186 185 187 188
187 185 189 190
185 183 191 189
183 180 192 191
180 179 193 192
190 189 194 195
189 191 196 194
191 192 197 196
192 193 198 197
195 194 199 200
194 196 201 199
196 197 202 201
197 198 203 202
200 199 204 205
199 201 206 204
201 202 207 206
202 203 208 207
205 204 209 210
204 206 211 209
206 207 212 211
207 208 213 212
210 209 214 215
209 211 216 214
211 212 217 216
212 213 218 217
215 214 219 220
214 216 221 219
216 217 222 221
217 218 223 222
224 225 226 227
226 225 228 229
229 228 230 231
231 230 179 182
179 230 232 193
230 228 233 232
228 225 234 233
225 224 235 234
193 232 236 198
232 233 237 236
233 234 238 237
234 235 239 238
198 236 240 203
236 237 241 240
237 238 242 241
238 239 243 242
203 240 244 208
240 241 245 244
241 242 246 245
242 243 247 246
208 244 248 213
244 245 249 248
245 246 250 249
246 247 251 250
213 248 252 218
248 249 253 252
249 250 254 253
250 251 255 254
218 252 256 223
252 253 257 256
253 254 258 257
254 255 132 258
259 260 261 262
261 260 263 264
264 263 265 266
266 265 267 268
267 265 269 270
265 263 271 269
263 260 272 271
260 259 273 272
270 269 274 275
269 271 276 274
271 272 277 276
272 273 278 277
275 274 279 280
274 276 281 279
276 277 282 281
277 278 283 282
280 279 284 285
279 281 286 284
281 282 287 286
282 283 288 287
285 284 289 290
284 286 291 289
286 287 292 291
287 288 293 292
290 289 294 295
289 291 296 294
291 292 297 296
292 293 298 297
295 294 299 300
294 296 301 299
296 297 302 301
297 298 303 302
300 299 304 305
299 301 306 304
301 302 307 306
302 303 308 307
305 304 309 310
304 306 311 309
306 307 312 311
307 308 313 312
314 315 316 317
316 315 318 319
319 318 320 321
321 320 259 262
259 320 322 273
320 318 323 322
318 315 324 323
315 314 325 324
273 322 326 278
322 323 327 326
323 324 328 327
324 325 329 328
278 326 330 283
326 327 331 330
327 328 332 331
328 329 333 332
283 330 334 288
330 331 335 334
331 332 336 335
332 333 337 336
288 334 338 293
334 335 339 338
335 336 340 339
336 337 341 340
293 338 342 298
338 339 343 342
339 340 344 343
340 341 345 344
298 342 346 303
342 343 347 346
343 344 348 347
344 345 349 348
303 346 350 308
346 347 351 350
347 348 352 351
348 349 353 352
308 350 354 313
350 351 355 354
351 352 356 355
352 353 220 356
357 358 359 360
359 358 361 362
362 361 363 364
364 363 365 366
365 363 367 368
363 361 369 367
361 358 370 369
358 357 371 370
368 367 372 373
367 369 374 372
369 370 375 374
370 371 376 375
373 372 377 378
372 374 379 377
374 375 380 379
375 376 381 380
378 377 382 383
377 379 384 382
379 380 385 384
380 381 386 385
383 382 387 388
382 384 389 387
384 385 390 389
385 386 391 390
388 387 392 393
387 389 394 392
389 390 395 394
390 391 396 395
393 392 397 398
392 394 399 397
394 395 400 399
395 396 401 400
398 397 402 403
397 399 404 402
399 400 405 404
400 401 406 405
403 402 407 408
402 404 409 407
404 405 410 409
405 406 411 410
412 413 414 415
414 413 416 417
417 416 418 419
419 418 357 360
357 418 420 371
418 416 421 420
416 413 422 421
413 412 423 422
371 420 424 376
420 421 425 424
421 422 426 425
422 423 427 426
376 424 428 381
424 425 429 428
425 426 430 429
426 427 431 430
381 428 432 386
428 429 433 432
429 430 434 433
430 431 435 434
386 432 436 391
432 433 437 436
433 434 438 437
434 435 439 438
391 436 440 396
436 437 441 440
437 438 442 441
438 439 443 442
396 440 444 401
440 441 445 444
441 442 446 445
442 443 447 446
401 444 448 406
444 445 449 448
445 446 450 449
446 447 451 450
406 448 452 411
448 449 453 452
449 450 454 453
450 451 310 454
455 456 457 458
457 456 459 460
460 459 461 462
462 461 463 464
463 461 465 466
461 459 467 465
459 456 468 467
456 455 469 468
466 465 470 471
465 467 472 470
467 468 473 472
468 469 474 473
471 470 475 476
470 472 477 475
472 473 478 477
473 474 479 478
476 475 480 481
475 477 482 480
477 478 483 482
478 479 484 483
481 480 485 486
480 482 487 485
482 483 488 487
483 484 489 488
486 485 490 491
485 487 492 490
487 488 493 492
488 489 494 493
491 490 495 496
490 492 497 495
492 493 498 497
493 494 499 498
500 501 502 503
502 501 504 505
505 504 506 507
507 506 455 458
455 506 508 469
506 504 509 508
504 501 510 509
501 500 511 510
469 508 512 474
508 509 513 512
509 510 514 513
510 511 515 514
474 512 516 479
512 513 517 516
513 514 518 517
514 515 519 518
479 516 520 484
516 517 521 520
517 518 522 521
518 519 523 522
484 520 524 489
520 521 525 524
521 522 526 525
522 523 527 526
489 524 528 494
524 525 529 528
525 526 530 529
526 527 531 530
494 528 532 499
528 529 533 532
529 530 534 533
530 531 408 534
535 536 537 538
537 536 539 540
540 539 541 542
542 541 543 544
543 541 545 546
541 539 547 545
539 536 548 547
536 535 549 548
546 545 550 551
545 547 552 550
547 548 553 552
548 549 554 553
551 550 555 556
550 552 557 555
552 553 558 557
553 554 559 558
556 555 560 561
555 557 562 560
557 558 563 562
558 559 564 563
561 560 565 566
560 562 567 565
562 563 568 567
563 564 569 568
566 565 570 571
565 567 572 570
567 568 573 572
568 569 574 573
571 570 575 576
570 572 577 575
572 573 578 577
573 574 579 578
580 581 582 583
582 581 584 585
585 584 586 587
587 586 535 538
535 586 588 549
586 584 589 588
584 581 590 589
581 580 591 590
549 588 592 554
588 589 593 592
589 590 594 593
590 591 595 594
554 592 596 559
592 593 597 596
593 594 598 597
594 595 599 598
559 596 600 564
596 597 601 600
597 598 602 601
598 599 603 602
564 600 604 569
600 601 605 604
601 602 606 605
602 603 607 606
569 604 608 574
604 605 609 608
605 606 610 609
606 607 611 610
574 608 612 579
608 609 613 612
609 610 614 613
610 611 496 614
615 616 617 618
617 616 619 620
620 619 621 622
622 621 623 624
623 621 625 626
621 619 627 625
619 616 628 627
616 615 629 628
626 625 630 631
625 627 632 630
627 628 633 632
628 629 634 633
631 630 635 636
630 632 637 635
632 633 638 637
633 634 639 638
636 635 640 641
635 637 642 640
637 638 643 642
638 639 644 643
641 640 645 646
640 642 647 645
642 643 648 647
643 644 576 648
623 649 650 624
650 649 651 652
652 651 653 654
654 653 655 656
655 653 657 658
653 651 659 657
651 649 660 659
649 623 626 660
658 657 661 662
657 659 663 661
659 660 664 663
660 626 631 664
662 661 665 666
661 663 667 665
663 664 668 667
664 631 636 668
666 665 669 670
665 667 671 669
667 668 672 671
668 636 641 672
670 669 673 80
669 671 674 673
671 672 675 674
672 641 646 675
463 676 677 464
677 676 678 679
679 678 680 681
681 680 500 503
500 680 682 511
680 678 683 682
678 676 684 683
676 463 466 684
511 682 685 515
682 683 686 685
683 684 687 686
684 466 471 687
515 685 688 519
685 686 689 688
686 687 690 689
687 471 476 690
519 688 691 523
688 689 692 691
689 690 693 692
690 476 481 693
523 691 694 527
691 692 695 694
692 693 696 695
693 481 486 696
527 694 697 531
694 695 698 697
695 696 699 698
696 486 491 699
531 697 700 408
697 698 701 700
698 699 702 701
699 491 496 702
365 703 704 366
704 703 705 706
706 705 707 708
708 707 412 415
412 707 709 423
707 705 710 709
705 703 711 710
703 365 368 711
423 709 712 427
709 710 713 712
710 711 714 713
711 368 373 714
427 712 715 431
712 713 716 715
713 714 717 716
714 373 378 717
431 715 718 435
715 716 719 718
716 717 720 719
717 378 383 720
435 718 721 439
718 719 722 721
719 720 723 722
720 383 388 723
439 721 724 443
721 722 725 724
722 723 726 725
723 388 393 726
443 724 727 447
724 725 728 727
725 726 729 728
726 393 398 729
447 727 730 451
727 728 731 730
728 729 732 731
729 398 403 732
451 730 733 310
730 731 734 733
731 732 735 734
732 403 408 735
267 736 737 268
737 736 738 739
739 738 740 741
741 740 314 317
314 740 742 325
740 738 743 742
738 736 744 743
736 267 270 744
325 742 745 329
742 743 746 745
743 744 747 746
744 270 275 747
329 745 748 333
745 746 749 748
746 747 750 749
747 275 280 750
333 748 751 337
748 749 752 751
749 750 753 752
750 280 285 753
337 751 754 341
751 752 755 754
752 753 756 755
753 285 290 756
341 754 757 345
754 755 758 757
755 756 759 758
756 290 295 759
345 757 760 349
757 758 761 760
758 759 762 761
759 295 300 762
349 760 763 353
760 761 764 763
761 762 765 764
762 300 305 765
353 763 766 220
763 764 767 766
764 765 768 767
765 305 310 768
187 769 770 188
770 769 771 772
772 771 773 774
774 773 224 227
224 773 775 235
773 771 776 775
771 769 777 776
769 187 190 777
235 775 778 239
775 776 779 778
776 777 780 779
777 190 195 780
239 778 781 243
778 779 782 781
779 780 783 782
780 195 200 783
243 781 784 247
781 782 785 784
782 783 786 785
783 200 205 786
247 784 787 251
784 785 788 787
785 786 789 788
786 205 210 789
251 787 790 255
787 788 791 790
788 789 792 791
789 210 215 792
255 790 793 132
790 791 794 793
791 792 795 794
792 215 220 795
543 796 797 544
797 796 798 799
799 798 800 801
801 800 580 583
580 800 802 591
800 798 803 802
798 796 804 803
796 543 546 804
591 802 805 595
802 803 806 805
803 804 807 806
804 546 551 807
595 805 808 599
805 806 809 808
806 807 810 809
807 551 556 810
599 808 811 603
808 809 812 811
809 810 813 812
810 556 561 813
603 811 814 607
811 812 815 814
812 813 816 815
813 561 566 816
607 814 817 611
814 815 818 817
815 816 819 818
816 566 571 819
611 817 820 496
817 818 821 820
818 819 822 821
819 571 576 822
655 823 824 656
824 823 825 826
826 825 827 828
828 827 615 618
615 827 829 629
827 825 830 829
825 823 831 830
823 655 658 831
629 829 832 634
829 830 833 832
830 831 834 833
831 658 662 834
634 832 835 639
832 833 836 835
833 834 837 836
834 662 666 837
639 835 838 644
835 836 839 838
836 837 840 839
837 666 670 840
644 838 841 576
838 839 842 841
839 840 843 842
840 670 80 843
8 844 845 9
845 844 846 847
847 846 848 849
849 848 45 48
45 848 850 56
848 846 851 850
846 844 852 851
844 8 11 852
56 850 853 60
850 851 854 853
851 852 855 854
852 11 16 855
60 853 856 64
853 854 857 856
854 855 858 857
855 16 21 858
64 856 859 68
856 857 860 859
857 858 861 860
858 21 26 861
68 859 862 72
859 860 863 862
860 861 864 863
861 26 31 864
72 862 865 76
862 863 866 865
863 864 867 866
864 31 36 867
76 865 868 80
865 866 869 868
866 867 870 869
867 36 41 870
89 871 872 90
872 871 873 874
874 873 875 876
876 875 136 139
136 875 877 147
875 873 878 877
873 871 879 878
871 89 92 879
147 877 880 151
877 878 881 880
878 879 882 881
879 92 97 882
151 880 883 155
880 881 884 883
881 882 885 884
882 97 102 885
155 883 886 159
883 884 887 886
884 885 888 887
885 102 107 888
159 886 889 163
886 887 890 889
887 888 891 890
888 107 112 891
163 889 892 167
889 890 893 892
890 891 894 893
891 112 117 894
167 892 895 171
892 893 896 895
893 894 897 896
894 117 122 897
171 895 898 175
895 896 899 898
896 897 900 899
897 122 127 900
175 898 901 41
898 899 902 901
899 900 903 902
900 127 132 903
904 905 906 907
906 905 908 909
909 908 910 911
911 910 912 913
913 912 914 915
915 914 916 917
917 916 918 919
919 918 870 41
870 918 920 869
918 916 921 920
916 914 922 921
914 912 923 922
912 910 924 923
910 908 925 924
908 905 926 925
905 904 927 926
869 920 928 868
920 921 929 928
921 922 930 929
922 923 931 930
923 924 932 931
924 925 933 932
925 926 934 933
926 927 935 934
868 928 936 80
928 929 937 936
929 930 938 937
930 931 939 938
931 932 940 939
932 933 941 940
933 934 942 941
934 935 943 942
576 841 944 822
945 842 843 946
821 947 948 820
949 950 951 952
953 949 952 954
820 948 702 496
955 956 957 958
959 955 960 961
953 954 962 963
701 953 963 700
958 957 964 965
955 958 966 960
961 960 966 967
959 961 967 968
969 959 968 970
963 962 971 972
700 963 973 408
974 975 976 977
958 965 978 966
967 966 978 979
968 967 979 980
970 968 980 981
969 970 981 982
983 984 985 986
963 972 987 973
974 977 988 989
990 974 989 991
992 989 988 993
994 992 993 995
983 986 996 997
841 842 945 944
947 949 953 948
948 953 701 702
946 843 80 936
950 937 938 951
956 939 940 957
957 940 941 964
975 942 943 976
950 946 936 937
949 945 946 950
944 945 949 947
822 944 947 821
951 938 939 956
952 951 956 955
954 952 955 959
954 959 969 962
962 969 982 971
984 994 995 985
964 941 942 975
965 964 975 974
965 974 990 978
979 978 990 991
980 979 991 989
981 980 989 992
982 981 992 994
971 982 994 984
972 971 984 983
972 983 997 987
132 793 998 999
1000 794 795 1001
1002 1003 1004 1005
1006 1007 1008 1009
1010 1006 1009 1011
1012 1013 1014 1015
1009 1008 733 734
1011 1009 1016 1017
1018 1019 1020 1021
1022 1018 1021 1023
1015 1014 1024 1025
1009 734 735 1016
1017 1016 1026 1027
1019 1028 1029 1030
1020 1019 1030 1031
1021 1020 1031 1023
1022 1023 1032 1033
1025 1024 1034 1035
1016 735 408 973
1026 1016 973 987
1027 1026 1036 1037
1028 1038 1039 1029
1030 1029 1039 1040
1031 1030 1040 1041
1023 1031 1041 1032
1033 1032 1041 1040
1042 1033 1040 1043
1026 987 997 1036
1038 1044 1045 1039
1040 1039 1045 1043
793 794 1000 998
1003 1006 1010 1004
1013 1018 1022 1014
1014 1022 1033 1024
1024 1033 1042 1034
1001 795 220 766
1007 767 768 1008
1008 768 310 733
1007 1001 766 767
1006 1000 1001 1007
998 1000 1006 1003
999 998 1003 1002
1036 997 996 1046
1037 1036 1046 1047
1044 1048 1049 1045
1043 1045 1049 1050
1051 1042 1043 1050
1034 1042 1051 1052
1035 1034 1052 1053
1044 1037 1047 1048
1038 1027 1037 1044
1028 1017 1027 1038
1019 1011 1017 1028
1018 1010 1011 1019
1004 1010 1018 1013
1005 1004 1013 1012
901 1054 919 41
919 1054 1055 917
917 1055 1056 915
915 1056 1057 913
913 1057 1058 911
911 1058 1059 909
909 1059 1060 906
906 1060 1061 907
1061 1060 1062 1063
1060 1059 1064 1062
1059 1058 1065 1064
1058 1057 1066 1065
1057 1056 1067 1066
1056 1055 1068 1067
1055 1054 1069 1068
1054 901 902 1069
1063 1062 1070 1071
1062 1064 1072 1070
1064 1065 1073 1072
1065 1066 1074 1073
1066 1067 1075 1074
1067 1068 1076 1075
1068 1069 1077 1076
1069 902 903 1077
1071 1070 1035 1053
1070 1072 1025 1035
1072 1073 1015 1025
1073 1074 1012 1015
1074 1075 1005 1012
1075 1076 1002 1005
1076 1077 1078 1002
1077 903 132 1078
996 986 1079 1080
1079 986 985 1081
1082 1083 1084 1085
1086 995 993 1087
1083 1088 1089 1090
1084 1083 1090 1091
1092 1093 1094 1095
1096 988 977 1097
1098 1099 1100 1101
1102 1098 1101 1103
1093 1104 1105 1094
1106 1107 1108 1109
1110 943 935 1111
1112 1113 1114 1108
1115 1112 1108 1107
1116 1117 904 907
1118 927 904 1117
1081 985 995 1086
1088 1119 1120 1089
1099 1121 1122 1100
1113 1123 1124 1114
1111 935 927 1118
1087 993 988 1096
1089 1120 1121 1099
1090 1089 1099 1098
1091 1090 1098 1102
1104 1125 1126 1105
1127 1128 1112 1115
1128 1129 1113 1112
1129 1130 1123 1113
1131 976 943 1110
1097 977 976 1131
1100 1122 1130 1129
1101 1100 1129 1128
1103 1101 1128 1127
1105 1126 1132 1133
1094 1105 1133 1134
1095 1094 1134 1135
1136 1137 1117 1116
1109 1108 1137 1136
1138 1118 1117 1137
1114 1138 1137 1108
1139 1111 1118 1138
1124 1139 1138 1114
1140 1110 1111 1139
1123 1140 1139 1124
1141 1131 1110 1140
1130 1141 1140 1123
1142 1097 1131 1141
1122 1142 1141 1130
1143 1096 1097 1142
1121 1143 1142 1122
1144 1087 1096 1143
1120 1144 1143 1121
1145 1086 1087 1144
1119 1145 1144 1120
1146 1081 1086 1145
1088 1146 1145 1119
1147 1079 1081 1146
1083 1147 1146 1088
1080 1079 1147 1148
1148 1147 1083 1082
1149 1150 1107 1106
1151 1152 1150 1149
1153 1154 1152 1151
1155 1156 1154 1153
1135 1134 1156 1155
1157 1115 1107 1150
1158 1157 1150 1152
1159 1158 1152 1154
1160 1159 1154 1156
1133 1160 1156 1134
1161 1127 1115 1157
1162 1161 1157 1158
1163 1162 1158 1159
1164 1163 1159 1160
1132 1164 1160 1133
1165 1103 1127 1161
1166 1165 1161 1162
1167 1166 1162 1163
1168 1167 1163 1164
1126 1168 1164 1132
1169 1102 1103 1165
1170 1169 1165 1166
1171 1170 1166 1167
1172 1171 1167 1168
1125 1172 1168 1126
1173 1091 1102 1169
1174 1173 1169 1170
1175 1174 1170 1171
1176 1175 1171 1172
1104 1176 1172 1125
1177 1084 1091 1173
1178 1177 1173 1174
1179 1178 1174 1175
1180 1179 1175 1176
1093 1180 1176 1104
1085 1084 1177 1181
1181 1177 1178 1182
1182 1178 1179 1183
1183 1179 1180 1184
1184 1180 1093 1092
907 1061 1185 1116
1185 1061 1063 1186
1109 1187 1188 1106
1189 1071 1053 1190
1187 1191 1192 1193
1188 1187 1193 1194
1135 1195 1196 1095
1197 1052 1051 1198
1199 1200 1201 1202
1203 1199 1202 1204
1195 1205 1206 1196
1085 1207 1208 1082
1209 1049 1048 1210
1211 1212 1213 1208
1214 1211 1208 1207
1080 1215 1046 996
1216 1047 1046 1215
1186 1063 1071 1189
1191 1217 1218 1192
1200 1219 1220 1201
1212 1221 1222 1213
1210 1048 1047 1216
1190 1053 1052 1197
1192 1218 1219 1200
1193 1192 1200 1199
1194 1193 1199 1203
1205 1223 1224 1206
1225 1226 1211 1214
1226 1227 1212 1211
1227 1228 1221 1212
1229 1050 1049 1209
1198 1051 1050 1229
1201 1220 1228 1227
1202 1201 1227 1226
1204 1202 1226 1225
1206 1224 1230 1231
1196 1206 1231 1232
1095 1196 1232 1092
1148 1233 1215 1080
1082 1208 1233 1148
1234 1216 1215 1233
1213 1234 1233 1208
1235 1210 1216 1234
1222 1235 1234 1213
1236 1209 1210 1235
1221 1236 1235 1222
1237 1229 1209 1236
1228 1237 1236 1221
1238 1198 1229 1237
1220 1238 1237 1228
1239 1197 1198 1238
1219 1239 1238 1220
1240 1190 1197 1239
1218 1240 1239 1219
1241 1189 1190 1240
1217 1241 1240 1218
1242 1186 1189 1241
1191 1242 1241 1217
1243 1185 1186 1242
1187 1243 1242 1191
1116 1185 1243 1136
1136 1243 1187 1109
1181 1244 1207 1085
1182 1245 1244 1181
1183 1246 1245 1182
1184 1247 1246 1183
1092 1232 1247 1184
1248 1214 1207 1244
1249 1248 1244 1245
1250 1249 1245 1246
1251 1250 1246 1247
1231 1251 1247 1232
1252 1225 1214 1248
1253 1252 1248 1249
1254 1253 1249 1250
1255 1254 1250 1251
1230 1255 1251 1231
1256 1204 1225 1252
1257 1256 1252 1253
1258 1257 1253 1254
1259 1258 1254 1255
1224 1259 1255 1230
1260 1203 1204 1256
1261 1260 1256 1257
1262 1261 1257 1258
1263 1262 1258 1259
1223 1263 1259 1224
1264 1194 1203 1260
1265 1264 1260 1261
1266 1265 1261 1262
1267 1266 1262 1263
1205 1267 1263 1223
1268 1188 1194 1264
1269 1268 1264 1265
1270 1269 1265 1266
1271 1270 1266 1267
1195 1271 1267 1205
1106 1188 1268 1149
1149 1268 1269 1151
1151 1269 1270 1153
1153 1270 1271 1155
1155 1271 1195 1135
1272 1273 1274 1275
1274 1273 1276 1277
1277 1276 1278 1279
1279 1278 1280 1281
1281 1280 1282 1283
1283 1282 1284 1285
1285 1284 1286 1287
1287 1286 1288 1289
1289 1288 1290 1291
1291 1290 1292 1293
1293 1292 1294 1295
1295 1294 1296 1297
1297 1296 1298 1299
1299 1298 1300 1301
1301 1300 1302 1303
1303 1302 1304 1305
1305 1304 1306 1307
1307 1306 1308 1309
1309 1308 1310 1311
1311 1310 1312 1313
1313 1312 1314 1315
1315 1314 1316 1317
1317 1316 1318 1319
1319 1318 1320 1321
1321 1320 1322 1323
1323 1322 1324 1325
1325 1324 1326 1327
1327 1326 1328 1329
1329 1328 1330 1331
1331 1330 1332 1333
1333 1332 1334 1335
1335 1334 774 227
774 1334 1336 772
1334 1332 1337 1336
1332 1330 1338 1337
1330 1328 1339 1338
1328 1326 1340 1339
1326 1324 1341 1340
1324 1322 1342 1341
1322 1320 1343 1342
1320 1318 1344 1343
1318 1316 1345 1344
1316 1314 1346 1345
1314 1312 1347 1346
1312 1310 1348 1347
1310 1308 1349 1348
1308 1306 1350 1349
1306 1304 1351 1350
1304 1302 1352 1351
1302 1300 1353 1352
1300 1298 1354 1353
1298 1296 1355 1354
1296 1294 1356 1355
1294 1292 1357 1356
1292 1290 1358 1357
1290 1288 1359 1358
1288 1286 1360 1359
1286 1284 1361 1360
1284 1282 1362 1361
1282 1280 1363 1362
1280 1278 1364 1363
1278 1276 1365 1364
1276 1273 1366 1365
1273 1272 1367 1366
772 1336 1368 770
1336 1337 1369 1368
1337 1338 1370 1369
1338 1339 1371 1370
1339 1340 1372 1371
1340 1341 1373 1372
1341 1342 1374 1373
1342 1343 1375 1374
1343 1344 1376 1375
1344 1345 1377 1376
1345 1346 1378 1377
1346 1347 1379 1378
1347 1348 1380 1379
1348 1349 1381 1380
1349 1350 1382 1381
1350 1351 1383 1382
1351 1352 1384 1383
1352 1353 1385 1384
1353 1354 1386 1385
1354 1355 1387 1386
1355 1356 1388 1387
1356 1357 1389 1388
1357 1358 1390 1389
1358 1359 1391 1390
1359 1360 1392 1391
1360 1361 1393 1392
1361 1362 1394 1393
1362 1363 1395 1394
1363 1364 1396 1395
1364 1365 1397 1396
1365 1366 1398 1397
1366 1367 1399 1398
770 1368 1400 188
1368 1369 1401 1400
1369 1370 1402 1401
1370 1371 1403 1402
1371 1372 1404 1403
1372 1373 1405 1404
1373 1374 1406 1405
1374 1375 1407 1406
1375 1376 1408 1407
1376 1377 1409 1408
1377 1378 1410 1409
1378 1379 1411 1410
1379 1380 1412 1411
1380 1381 1413 1412
1381 1382 1414 1413
1382 1383 1415 1414
1383 1384 1416 1415
1384 1385 1417 1416
1385 1386 1418 1417
1386 1387 1419 1418
1387 1388 1420 1419
1388 1389 1421 1420
1389 1390 1422 1421
1390 1391 1423 1422
1391 1392 1424 1423
1392 1393 1425 1424
1393 1394 1426 1425
1394 1395 1427 1426
1395 1396 1428 1427
1396 1397 1429 1428
1397 1398 1430 1429
1398 1399 1431 1430
1432 1433 1430 1431
1430 1433 1434 1429
1429 1434 1435 1428
1428 1435 1436 1427
1427 1436 1437 1426
1426 1437 1438 1425
1425 1438 1439 1424
1424 1439 1440 1423
1423 1440 1441 1422
1422 1441 1442 1421
1421 1442 1443 1420
1420 1443 1444 1419
1419 1444 1445 1418
1418 1445 1446 1417
1417 1446 1447 1416
1416 1447 1448 1415
1415 1448 1449 1414
1414 1449 1450 1413
1413 1450 1451 1412
1412 1451 1452 1411
1411 1452 1453 1410
1410 1453 1454 1409
1409 1454 1455 1408
1408 1455 1456 1407
1407 1456 1457 1406
1406 1457 1458 1405
1405 1458 1459 1404
1404 1459 1460 1403
1403 1460 1461 1402
1402 1461 1462 1401
1401 1462 1463 1400
1400 1463 186 188
186 1463 1464 184
1463 1462 1465 1464
1462 1461 1466 1465
1461 1460 1467 1466
1460 1459 1468 1467
1459 1458 1469 1468
1458 1457 1470 1469
1457 1456 1471 1470
1456 1455 1472 1471
1455 1454 1473 1472
1454 1453 1474 1473
1453 1452 1475 1474
1452 1451 1476 1475
1451 1450 1477 1476
1450 1449 1478 1477
1449 1448 1479 1478
1448 1447 1480 1479
1447 1446 1481 1480
1446 1445 1482 1481
1445 1444 1483 1482
1444 1443 1484 1483
1443 1442 1485 1484
1442 1441 1486 1485
1441 1440 1487 1486
1440 1439 1488 1487
1439 1438 1489 1488
1438 1437 1490 1489
1437 1436 1491 1490
1436 1435 1492 1491
1435 1434 1493 1492
1434 1433 1494 1493
1433 1432 1495 1494
184 1464 1496 181
1464 1465 1497 1496
1465 1466 1498 1497
1466 1467 1499 1498
1467 1468 1500 1499
1468 1469 1501 1500
1469 1470 1502 1501
1470 1471 1503 1502
1471 1472 1504 1503
1472 1473 1505 1504
1473 1474 1506 1505
1474 1475 1507 1506
1475 1476 1508 1507
1476 1477 1509 1508
1477 1478 1510 1509
1478 1479 1511 1510
1479 1480 1512 1511
1480 1481 1513 1512
1481 1482 1514 1513
1482 1483 1515 1514
1483 1484 1516 1515
1484 1485 1517 1516
1485 1486 1518 1517
1486 1487 1519 1518
1487 1488 1520 1519
1488 1489 1521 1520
1489 1490 1522 1521
1490 1491 1523 1522
1491 1492 1524 1523
1492 1493 1525 1524
1493 1494 1526 1525
1494 1495 1527 1526
181 1496 1528 182
1496 1497 1529 1528
1497 1498 1530 1529
1498 1499 1531 1530
1499 1500 1532 1531
1500 1501 1533 1532
1501 1502 1534 1533
1502 1503 1535 1534
1503 1504 1536 1535
1504 1505 1537 1536
1505 1506 1538 1537
1506 1507 1539 1538
1507 1508 1540 1539
1508 1509 1541 1540
1509 1510 1542 1541
1510 1511 1543 1542
1511 1512 1544 1543
1512 1513 1545 1544
1513 1514 1546 1545
1514 1515 1547 1546
1515 1516 1548 1547
1516 1517 1549 1548
1517 1518 1550 1549
1518 1519 1551 1550
1519 1520 1552 1551
1520 1521 1553 1552
1521 1522 1554 1553
1522 1523 1555 1554
1523 1524 1556 1555
1524 1525 1557 1556
1525 1526 1558 1557
1526 1527 1559 1558
1560 1561 1558 1559
1558 1561 1562 1557
1557 1562 1563 1556
1556 1563 1564 1555
1555 1564 1565 1554
1554 1565 1566 1553
1553 1566 1567 1552
1552 1567 1568 1551
1551 1568 1569 1550
1550 1569 1570 1549
1549 1570 1571 1548
1548 1571 1572 1547
1547 1572 1573 1546
1546 1573 1574 1545
1545 1574 1575 1544
1544 1575 1576 1543
1543 1576 1577 1542
1542 1577 1578 1541
1541 1578 1579 1540
1540 1579 1580 1539
1539 1580 1581 1538
1538 1581 1582 1537
1537 1582 1583 1536
1536 1583 1584 1535
1535 1584 1585 1534
1534 1585 1586 1533
1533 1586 1587 1532
1532 1587 1588 1531
1531 1588 1589 1530
1530 1589 1590 1529
1529 1590 1591 1528
1528 1591 231 182
231 1591 1592 229
1591 1590 1593 1592
1590 1589 1594 1593
1589 1588 1595 1594
1588 1587 1596 1595
1587 1586 1597 1596
1586 1585 1598 1597
1585 1584 1599 1598
1584 1583 1600 1599
1583 1582 1601 1600
1582 1581 1602 1601
1581 1580 1603 1602
1580 1579 1604 1603
1579 1578 1605 1604
1578 1577 1606 1605
1577 1576 1607 1606
1576 1575 1608 1607
1575 1574 1609 1608
1574 1573 1610 1609
1573 1572 1611 1610
1572 1571 1612 1611
1571 1570 1613 1612
1570 1569 1614 1613
1569 1568 1615 1614
1568 1567 1616 1615
1567 1566 1617 1616
1566 1565 1618 1617
1565 1564 1619 1618
1564 1563 1620 1619
1563 1562 1621 1620
1562 1561 1622 1621
1561 1560 1623 1622
229 1592 1624 226
1592 1593 1625 1624
1593 1594 1626 1625
1594 1595 1627 1626
1595 1596 1628 1627
1596 1597 1629 1628
1597 1598 1630 1629
1598 1599 1631 1630
1599 1600 1632 1631
1600 1601 1633 1632
1601 1602 1634 1633
1602 1603 1635 1634
1603 1604 1636 1635
1604 1605 1637 1636
1605 1606 1638 1637
1606 1607 1639 1638
1607 1608 1640 1639
1608 1609 1641 1640
1609 1610 1642 1641
1610 1611 1643 1642
1611 1612 1644 1643
1612 1613 1645 1644
1613 1614 1646 1645
1614 1615 1647 1646
1615 1616 1648 1647
1616 1617 1649 1648
1617 1618 1650 1649
1618 1619 1651 1650
1619 1620 1652 1651
1620 1621 1653 1652
1621 1622 1654 1653
1622 1623 1655 1654
226 1624 1335 227
1624 1625 1333 1335
1625 1626 1331 1333
1626 1627 1329 1331
1627 1628 1327 1329
1628 1629 1325 1327
1629 1630 1323 1325
1630 1631 1321 1323
1631 1632 1319 1321
1632 1633 1317 1319
1633 1634 1315 1317
1634 1635 1313 1315
1635 1636 1311 1313
1636 1637 1309 1311
1637 1638 1307 1309
1638 1639 1305 1307
1639 1640 1303 1305
1640 1641 1301 1303
1641 1642 1299 1301
1642 1643 1297 1299
1643 1644 1295 1297
1644 1645 1293 1295
1645 1646 1291 1293
1646 1647 1289 1291
1647 1648 1287 1289
1648 1649 1285 1287
1649 1650 1283 1285
1650 1651 1281 1283
1651 1652 1279 1281
1652 1653 1277 1279
1653 1654 1274 1277
1654 1655 1275 1274
1656 1657 1658 1659
1658 1657 1660 1661
1661 1660 1662 1663
1663 1662 1664 1665
1664 1662 1666 1667
1662 1660 1668 1666
1660 1657 1669 1668
1657 1656 1670 1669
1667 1666 1671 1672
1666 1668 1673 1671
1668 1669 1674 1673
1669 1670 1675 1674
1672 1671 1676 1677
1671 1673 1678 1676
1673 1674 1679 1678
1674 1675 1680 1679
1677 1676 1681 1682
1676 1678 1683 1681
1678 1679 1684 1683
1679 1680 1685 1684
1682 1681 1686 1687
1681 1683 1688 1686
1683 1684 1689 1688
1684 1685 1690 1689
1687 1686 1691 1692
1686 1688 1693 1691
1688 1689 1694 1693
1689 1690 1695 1694
1692 1691 1696 1697
1691 1693 1698 1696
1693 1694 1699 1698
1694 1695 1700 1699
1697 1696 1701 1702
1696 1698 1703 1701
1698 1699 1704 1703
1699 1700 1705 1704
1702 1701 1706 1707
1701 1703 1708 1706
1703 1704 1709 1708
1704 1705 1710 1709
1707 1706 1711 1712
1706 1708 1713 1711
1708 1709 1714 1713
1709 1710 1715 1714
1712 1711 1716 1717
1711 1713 1718 1716
1713 1714 1719 1718
1714 1715 1720 1719
1717 1716 1721 1722
1716 1718 1723 1721
1718 1719 1724 1723
1719 1720 1725 1724
1722 1721 1726 1727
1721 1723 1728 1726
1723 1724 1729 1728
1724 1725 1730 1729
1727 1726 1731 1732
1726 1728 1733 1731
1728 1729 1734 1733
1729 1730 1735 1734
1732 1731 1736 1737
1731 1733 1738 1736
1733 1734 1739 1738
1734 1735 1740 1739
1737 1736 1741 1742
1736 1738 1743 1741
1738 1739 1744 1743
1739 1740 1745 1744
1742 1741 1746 1747
1741 1743 1748 1746
1743 1744 1749 1748
1744 1745 1750 1749
1747 1746 1751 1752
1746 1748 1753 1751
1748 1749 1754 1753
1749 1750 1755 1754
1752 1751 1756 1757
1751 1753 1758 1756
1753 1754 1759 1758
1754 1755 1760 1759
1757 1756 1761 1762
1756 1758 1763 1761
1758 1759 1764 1763
1759 1760 1765 1764
1762 1761 1766 1767
1761 1763 1768 1766
1763 1764 1769 1768
1764 1765 1770 1769
1767 1766 1771 1772
1766 1768 1773 1771
1768 1769 1774 1773
1769 1770 1775 1774
1772 1771 1776 1777
1771 1773 1778 1776
1773 1774 1779 1778
1774 1775 1780 1779
1777 1776 1781 1782
1776 1778 1783 1781
1778 1779 1784 1783
1779 1780 1785 1784
1782 1781 1786 1787
1781 1783 1788 1786
1783 1784 1789 1788
1784 1785 1790 1789
1787 1786 1791 1792
1786 1788 1793 1791
1788 1789 1794 1793
1789 1790 1795 1794
1792 1791 1796 1797
1791 1793 1798 1796
1793 1794 1799 1798
1794 1795 1800 1799
1797 1796 1801 1802
1796 1798 1803 1801
1798 1799 1804 1803
1799 1800 1805 1804
1802 1801 1806 1807
1801 1803 1808 1806
1803 1804 1809 1808
1804 1805 1810 1809
1807 1806 1811 1812
1806 1808 1813 1811
1808 1809 1814 1813
1809 1810 1815 1814
1812 1811 876 139
1811 1813 874 876
1813 1814 872 874
1814 1815 90 872
1816 1817 1656 1659
1656 1817 1818 1670
1670 1818 1819 1675
1675 1819 1820 1680
1680 1820 1821 1685
1685 1821 1822 1690
1690 1822 1823 1695
1695 1823 1824 1700
1700 1824 1825 1705
1705 1825 1826 1710
1710 1826 1827 1715
1715 1827 1828 1720
1720 1828 1829 1725
1725 1829 1830 1730
1730 1830 1831 1735
1735 1831 1832 1740
1740 1832 1833 1745
1745 1833 1834 1750
1750 1834 1835 1755
1755 1835 1836 1760
1760 1836 1837 1765
1765 1837 1838 1770
1770 1838 1839 1775
1775 1839 1840 1780
1780 1840 1841 1785
1785 1841 1842 1790
1790 1842 1843 1795
1795 1843 1844 1800
1800 1844 1845 1805
1805 1845 1846 1810
1810 1846 1847 1815
1815 1847 88 90
88 1847 1848 86
1847 1846 1849 1848
1846 1845 1850 1849
1845 1844 1851 1850
1844 1843 1852 1851
1843 1842 1853 1852
1842 1841 1854 1853
1841 1840 1855 1854
1840 1839 1856 1855
1839 1838 1857 1856
1838 1837 1858 1857
1837 1836 1859 1858
1836 1835 1860 1859
1835 1834 1861 1860
1834 1833 1862 1861
1833 1832 1863 1862
1832 1831 1864 1863
1831 1830 1865 1864
1830 1829 1866 1865
1829 1828 1867 1866
1828 1827 1868 1867
1827 1826 1869 1868
1826 1825 1870 1869
1825 1824 1871 1870
1824 1823 1872 1871
1823 1822 1873 1872
1822 1821 1874 1873
1821 1820 1875 1874
1820 1819 1876 1875
1819 1818 1877 1876
1818 1817 1878 1877
1817 1816 1879 1878
86 1848 1880 83
1848 1849 1881 1880
1849 1850 1882 1881
1850 1851 1883 1882
1851 1852 1884 1883
1852 1853 1885 1884
1853 1854 1886 1885
1854 1855 1887 1886
1855 1856 1888 1887
1856 1857 1889 1888
1857 1858 1890 1889
1858 1859 1891 1890
1859 1860 1892 1891
1860 1861 1893 1892
1861 1862 1894 1893
1862 1863 1895 1894
1863 1864 1896 1895
1864 1865 1897 1896
1865 1866 1898 1897
1866 1867 1899 1898
1867 1868 1900 1899
1868 1869 1901 1900
1869 1870 1902 1901
1870 1871 1903 1902
1871 1872 1904 1903
1872 1873 1905 1904
1873 1874 1906 1905
1874 1875 1907 1906
1875 1876 1908 1907
1876 1877 1909 1908
1877 1878 1910 1909
1878 1879 1911 1910
83 1880 1912 84
1880 1881 1913 1912
1881 1882 1914 1913
1882 1883 1915 1914
1883 1884 1916 1915
1884 1885 1917 1916
1885 1886 1918 1917
1886 1887 1919 1918
1887 1888 1920 1919
1888 1889 1921 1920
1889 1890 1922 1921
1890 1891 1923 1922
1891 1892 1924 1923
1892 1893 1925 1924
1893 1894 1926 1925
1894 1895 1927 1926
1895 1896 1928 1927
1896 1897 1929 1928
1897 1898 1930 1929
1898 1899 1931 1930
1899 1900 1932 1931
1900 1901 1933 1932
1901 1902 1934 1933
1902 1903 1935 1934
1903 1904 1936 1935
1904 1905 1937 1936
1905 1906 1938 1937
1906 1907 1939 1938
1907 1908 1940 1939
1908 1909 1941 1940
1909 1910 1942 1941
1910 1911 1943 1942
138 1944 1812 139
1812 1944 1945 1807
1807 1945 1946 1802
1802 1946 1947 1797
1797 1947 1948 1792
1792 1948 1949 1787
1787 1949 1950 1782
1782 1950 1951 1777
1777 1951 1952 1772
1772 1952 1953 1767
1767 1953 1954 1762
1762 1954 1955 1757
1757 1955 1956 1752
1752 1956 1957 1747
1747 1957 1958 1742
1742 1958 1959 1737
1737 1959 1960 1732
1732 1960 1961 1727
1727 1961 1962 1722
1722 1962 1963 1717
1717 1963 1964 1712
1712 1964 1965 1707
1707 1965 1966 1702
1702 1966 1967 1697
1697 1967 1968 1692
1692 1968 1969 1687
1687 1969 1970 1682
1682 1970 1971 1677
1677 1971 1972 1672
1672 1972 1973 1667
1667 1973 1974 1664
1664 1974 1975 1665
1975 1974 1976 1977
1974 1973 1978 1976
1973 1972 1979 1978
1972 1971 1980 1979
1971 1970 1981 1980
1970 1969 1982 1981
1969 1968 1983 1982
1968 1967 1984 1983
1967 1966 1985 1984
1966 1965 1986 1985
1965 1964 1987 1986
1964 1963 1988 1987
1963 1962 1989 1988
1962 1961 1990 1989
1961 1960 1991 1990
1960 1959 1992 1991
1959 1958 1993 1992
1958 1957 1994 1993
1957 1956 1995 1994
1956 1955 1996 1995
1955 1954 1997 1996
1954 1953 1998 1997
1953 1952 1999 1998
1952 1951 2000 1999
1951 1950 2001 2000
1950 1949 2002 2001
1949 1948 2003 2002
1948 1947 2004 2003
1947 1946 2005 2004
1946 1945 2006 2005
1945 1944 2007 2006
1944 138 141 2007
1977 1976 2008 2009
1976 1978 2010 2008
1978 1979 2011 2010
1979 1980 2012 2011
1980 1981 2013 2012
1981 1982 2014 2013
1982 1983 2015 2014
1983 1984 2016 2015
1984 1985 2017 2016
1985 1986 2018 2017
1986 1987 2019 2018
1987 1988 2020 2019
1988 1989 2021 2020
1989 1990 2022 2021
1990 1991 2023 2022
1991 1992 2024 2023
1992 1993 2025 2024
1993 1994 2026 2025
1994 1995 2027 2026
1995 1996 2028 2027
1996 1997 2029 2028
1997 1998 2030 2029
1998 1999 2031 2030
1999 2000 2032 2031
2000 2001 2033 2032
2001 2002 2034 2033
2002 2003 2035 2034
2003 2004 2036 2035
2004 2005 2037 2036
2005 2006 2038 2037
2006 2007 2039 2038
2007 141 143 2039
2009 2008 1942 1943
2008 2010 1941 1942
2010 2011 1940 1941
2011 2012 1939 1940
2012 2013 1938 1939
2013 2014 1937 1938
2014 2015 1936 1937
2015 2016 1935 1936
2016 2017 1934 1935
2017 2018 1933 1934
2018 2019 1932 1933
2019 2020 1931 1932
2020 2021 1930 1931
2021 2022 1929 1930
2022 2023 1928 1929
2023 2024 1927 1928
2024 2025 1926 1927
2025 2026 1925 1926
2026 2027 1924 1925
2027 2028 1923 1924
2028 2029 1922 1923
2029 2030 1921 1922
2030 2031 1920 1921
2031 2032 1919 1920
2032 2033 1918 1919
2033 2034 1917 1918
2034 2035 1916 1917
2035 2036 1915 1916
2036 2037 1914 1915
2037 2038 1913 1914
2038 2039 1912 1913
2039 143 84 1912
2 2040 2041 3
2041 2040 2042 2043
2043 2042 2044 2045
2045 2044 2046 2047
2047 2046 2048 2049
2049 2048 2050 2051
2051 2050 2052 2053
2053 2052 2054 2055
2055 2054 2056 2057
2057 2056 2058 2059
2059 2058 2060 2061
2061 2060 2062 2063
2063 2062 2064 2065
2065 2064 2066 2067
2067 2066 2068 2069
2069 2068 2070 2071
2071 2070 2072 2073
2073 2072 2074 2075
2075 2074 2076 2077
2077 2076 2078 2079
2079 2078 2080 2081
2081 2080 2082 2083
2083 2082 2084 2085
2085 2084 2086 2087
2087 2086 2088 2089
2089 2088 2090 2091
2091 2090 2092 2093
2093 2092 2094 2095
2094 2092 2096 2097
2092 2090 2098 2096
2090 2088 2099 2098
2088 2086 2100 2099
2086 2084 2101 2100
2084 2082 2102 2101
2082 2080 2103 2102
2080 2078 2104 2103
2078 2076 2105 2104
2076 2074 2106 2105
2074 2072 2107 2106
2072 2070 2108 2107
2070 2068 2109 2108
2068 2066 2110 2109
2066 2064 2111 2110
2064 2062 2112 2111
2062 2060 2113 2112
2060 2058 2114 2113
2058 2056 2115 2114
2056 2054 2116 2115
2054 2052 2117 2116
2052 2050 2118 2117
2050 2048 2119 2118
2048 2046 2120 2119
2046 2044 2121 2120
2044 2042 2122 2121
2042 2040 2123 2122
2040 2 5 2123
2097 2096 2124 2125
2096 2098 2126 2124
2098 2099 2127 2126
2099 2100 2128 2127
2100 2101 2129 2128
2101 2102 2130 2129
2102 2103 2131 2130
2103 2104 2132 2131
2104 2105 2133 2132
2105 2106 2134 2133
2106 2107 2135 2134
2107 2108 2136 2135
2108 2109 2137 2136
2109 2110 2138 2137
2110 2111 2139 2138
2111 2112 2140 2139
2112 2113 2141 2140
2113 2114 2142 2141
2114 2115 2143 2142
2115 2116 2144 2143
2116 2117 2145 2144
2117 2118 2146 2145
2118 2119 2147 2146
2119 2120 2148 2147
2120 2121 2149 2148
2121 2122 2150 2149
2122 2123 2151 2150
2123 5 7 2151
2125 2124 2152 2153
2124 2126 2154 2152
2126 2127 2155 2154
2127 2128 2156 2155
2128 2129 2157 2156
2129 2130 2158 2157
2130 2131 2159 2158
2131 2132 2160 2159
2132 2133 2161 2160
2133 2134 2162 2161
2134 2135 2163 2162
2135 2136 2164 2163
2136 2137 2165 2164
2137 2138 2166 2165
2138 2139 2167 2166
2139 2140 2168 2167
2140 2141 2169 2168
2141 2142 2170 2169
2142 2143 2171 2170
2143 2144 2172 2171
2144 2145 2173 2172
2145 2146 2174 2173
2146 2147 2175 2174
2147 2148 2176 2175
2148 2149 2177 2176
2149 2150 2178 2177
2150 2151 2179 2178
2151 7 9 2179
2180 2181 849 48
849 2181 2182 847
847 2182 2183 845
845 2183 2179 9
2179 2183 2184 2178
2183 2182 2185 2184
2182 2181 2186 2185
2181 2180 2187 2186
2178 2184 2188 2177
2184 2185 2189 2188
2185 2186 2190 2189
2186 2187 2191 2190
2177 2188 2192 2176
2188 2189 2193 2192
2189 2190 2194 2193
2190 2191 2195 2194
2176 2192 2196 2175
2192 2193 2197 2196
2193 2194 2198 2197
2194 2195 2199 2198
2175 2196 2200 2174
2196 2197 2201 2200
2197 2198 2202 2201
2198 2199 2203 2202
2174 2200 2204 2173
2200 2201 2205 2204
2201 2202 2206 2205
2202 2203 2207 2206
2173 2204 2208 2172
2204 2205 2209 2208
2205 2206 2210 2209
2206 2207 2211 2210
2172 2208 2212 2171
2208 2209 2213 2212
2209 2210 2214 2213
2210 2211 2215 2214
2171 2212 2216 2170
2212 2213 2217 2216
2213 2214 2218 2217
2214 2215 2219 2218
2170 2216 2220 2169
2216 2217 2221 2220
2217 2218 2222 2221
2218 2219 2223 2222
2169 2220 2224 2168
2220 2221 2225 2224
2221 2222 2226 2225
2222 2223 2227 2226
2168 2224 2228 2167
2224 2225 2229 2228
2225 2226 2230 2229
2226 2227 2231 2230
2167 2228 2232 2166
2228 2229 2233 2232
2229 2230 2234 2233
2230 2231 2235 2234
2166 2232 2236 2165
2232 2233 2237 2236
2233 2234 2238 2237
2234 2235 2239 2238
2165 2236 2240 2164
2236 2237 2241 2240
2237 2238 2242 2241
2238 2239 2243 2242
2164 2240 2244 2163
2240 2241 2245 2244
2241 2242 2246 2245
2242 2243 2247 2246
2163 2244 2248 2162
2244 2245 2249 2248
2245 2246 2250 2249
2246 2247 2251 2250
2162 2248 2252 2161
2248 2249 2253 2252
2249 2250 2254 2253
2250 2251 2255 2254
2161 2252 2256 2160
2252 2253 2257 2256
2253 2254 2258 2257
2254 2255 2259 2258
2160 2256 2260 2159
2256 2257 2261 2260
2257 2258 2262 2261
2258 2259 2263 2262
2159 2260 2264 2158
2260 2261 2265 2264
2261 2262 2266 2265
2262 2263 2267 2266
2158 2264 2268 2157
2264 2265 2269 2268
2265 2266 2270 2269
2266 2267 2271 2270
2157 2268 2272 2156
2268 2269 2273 2272
2269 2270 2274 2273
2270 2271 2275 2274
2156 2272 2276 2155
2272 2273 2277 2276
2273 2274 2278 2277
2274 2275 2279 2278
2155 2276 2280 2154
2276 2277 2281 2280
2277 2278 2282 2281
2278 2279 2283 2282
2154 2280 2284 2152
2280 2281 2285 2284
2281 2282 2286 2285
2282 2283 2287 2286
2152 2284 2288 2153
2284 2285 2289 2288
2285 2286 2290 2289
2286 2287 2291 2290
2041 2292 52 3
52 2292 2293 50
50 2293 2294 47
47 2294 2180 48
2180 2294 2295 2187
2294 2293 2296 2295
2293 2292 2297 2296
2292 2041 2043 2297
2187 2295 2298 2191
2295 2296 2299 2298
2296 2297 2300 2299
2297 2043 2045 2300
2191 2298 2301 2195
2298 2299 2302 2301
2299 2300 2303 2302
2300 2045 2047 2303
2195 2301 2304 2199
2301 2302 2305 2304
2302 2303 2306 2305
2303 2047 2049 2306
2199 2304 2307 2203
2304 2305 2308 2307
2305 2306 2309 2308
2306 2049 2051 2309
2203 2307 2310 2207
2307 2308 2311 2310
2308 2309 2312 2311
2309 2051 2053 2312
2207 2310 2313 2211
2310 2311 2314 2313
2311 2312 2315 2314
2312 2053 2055 2315
2211 2313 2316 2215
2313 2314 2317 2316
2314 2315 2318 2317
2315 2055 2057 2318
2215 2316 2319 2219
2316 2317 2320 2319
2317 2318 2321 2320
2318 2057 2059 2321
2219 2319 2322 2223
2319 2320 2323 2322
2320 2321 2324 2323
2321 2059 2061 2324
2223 2322 2325 2227
2322 2323 2326 2325
2323 2324 2327 2326
2324 2061 2063 2327
2227 2325 2328 2231
2325 2326 2329 2328
2326 2327 2330 2329
2327 2063 2065 2330
2231 2328 2331 2235
2328 2329 2332 2331
2329 2330 2333 2332
2330 2065 2067 2333
2235 2331 2334 2239
2331 2332 2335 2334
2332 2333 2336 2335
2333 2067 2069 2336
2239 2334 2337 2243
2334 2335 2338 2337
2335 2336 2339 2338
2336 2069 2071 2339
2243 2337 2340 2247
2337 2338 2341 2340
2338 2339 2342 2341
2339 2071 2073 2342
2247 2340 2343 2251
2340 2341 2344 2343
2341 2342 2345 2344
2342 2073 2075 2345
2251 2343 2346 2255
2343 2344 2347 2346
2344 2345 2348 2347
2345 2075 2077 2348
2255 2346 2349 2259
2346 2347 2350 2349
2347 2348 2351 2350
2348 2077 2079 2351
2259 2349 2352 2263
2349 2350 2353 2352
2350 2351 2354 2353
2351 2079 2081 2354
2263 2352 2355 2267
2352 2353 2356 2355
2353 2354 2357 2356
2354 2081 2083 2357
2267 2355 2358 2271
2355 2356 2359 2358
2356 2357 2360 2359
2357 2083 2085 2360
2271 2358 2361 2275
2358 2359 2362 2361
2359 2360 2363 2362
2360 2085 2087 2363
2275 2361 2364 2279
2361 2362 2365 2364
2362 2363 2366 2365
2363 2087 2089 2366
2279 2364 2367 2283
2364 2365 2368 2367
2365 2366 2369 2368
2366 2089 2091 2369
2283 2367 2370 2287
2367 2368 2371 2370
2368 2369 2372 2371
2369 2091 2093 2372
2287 2370 2373 2291
2370 2371 2374 2373
2371 2372 2375 2374
2372 2093 2095 2375
2376 2377 654 656
654 2377 2378 652
652 2378 2379 650
650 2379 2380 624
2380 2379 2381 2382
2379 2378 2383 2381
2378 2377 2384 2383
2377 2376 2385 2384
2382 2381 2386 2387
2381 2383 2388 2386
2383 2384 2389 2388
2384 2385 2390 2389
2387 2386 2391 2392
2386 2388 2393 2391
2388 2389 2394 2393
2389 2390 2395 2394
2392 2391 2396 2397
2391 2393 2398 2396
2393 2394 2399 2398
2394 2395 2400 2399
2397 2396 2401 2402
2396 2398 2403 2401
2398 2399 2404 2403
2399 2400 2405 2404
2402 2401 2406 2407
2401 2403 2408 2406
2403 2404 2409 2408
2404 2405 2410 2409
2407 2406 2411 2412
2406 2408 2413 2411
2408 2409 2414 2413
2409 2410 2415 2414
2412 2411 2416 2417
2411 2413 2418 2416
2413 2414 2419 2418
2414 2415 2420 2419
2417 2416 2421 2422
2416 2418 2423 2421
2418 2419 2424 2423
2419 2420 2425 2424
2422 2421 2426 2427
2421 2423 2428 2426
2423 2424 2429 2428
2424 2425 2430 2429
2427 2426 2431 2432
2426 2428 2433 2431
2428 2429 2434 2433
2429 2430 2435 2434
2432 2431 2436 2437
2431 2433 2438 2436
2433 2434 2439 2438
2434 2435 2440 2439
2437 2436 2441 2442
2436 2438 2443 2441
2438 2439 2444 2443
2439 2440 2445 2444
2442 2441 2446 2447
2441 2443 2448 2446
2443 2444 2449 2448
2444 2445 2450 2449
2447 2446 2451 2452
2446 2448 2453 2451
2448 2449 2454 2453
2449 2450 2455 2454
2452 2451 2456 2457
2451 2453 2458 2456
2453 2454 2459 2458
2454 2455 2460 2459
2457 2456 2461 2462
2456 2458 2463 2461
2458 2459 2464 2463
2459 2460 2465 2464
2462 2461 2466 2467
2461 2463 2468 2466
2463 2464 2469 2468
2464 2465 2470 2469
2467 2466 2471 2472
2466 2468 2473 2471
2468 2469 2474 2473
2469 2470 2475 2474
2472 2471 2476 2477
2471 2473 2478 2476
2473 2474 2479 2478
2474 2475 2480 2479
2477 2476 2481 2482
2476 2478 2483 2481
2478 2479 2484 2483
2479 2480 2485 2484
2482 2481 2486 2487
2481 2483 2488 2486
2483 2484 2489 2488
2484 2485 2490 2489
2487 2486 2491 2492
2486 2488 2493 2491
2488 2489 2494 2493
2489 2490 2495 2494
2492 2491 2496 2497
2491 2493 2498 2496
2493 2494 2499 2498
2494 2495 2500 2499
2497 2496 2501 2502
2496 2498 2503 2501
2498 2499 2504 2503
2499 2500 2505 2504
2502 2501 2506 2507
2501 2503 2508 2506
2503 2504 2509 2508
2504 2505 2510 2509
2507 2506 2511 2512
2506 2508 2513 2511
2508 2509 2514 2513
2509 2510 2515 2514
2512 2511 2516 2517
2511 2513 2518 2516
2513 2514 2519 2518
2514 2515 2520 2519
2517 2516 2521 2522
2516 2518 2523 2521
2518 2519 2524 2523
2519 2520 2525 2524
2522 2521 2526 2527
2521 2523 2528 2526
2523 2524 2529 2528
2524 2525 2530 2529
2527 2526 2531 2532
2526 2528 2533 2531
2528 2529 2534 2533
2529 2530 2535 2534
2532 2531 2536 2537
2531 2533 2538 2536
2533 2534 2539 2538
2534 2535 2540 2539
2537 2536 2541 2542
2536 2538 2543 2541
2538 2539 2544 2543
2539 2540 2545 2544
2542 2541 2546 2547
2541 2543 2548 2546
2543 2544 2549 2548
2544 2545 2550 2549
2547 2546 2551 2552
2546 2548 2553 2551
2548 2549 2554 2553
2549 2550 2555 2554
2552 2551 2556 2557
2551 2553 2558 2556
2553 2554 2559 2558
2554 2555 2560 2559
2557 2556 2561 2562
2556 2558 2563 2561
2558 2559 2564 2563
2559 2560 2565 2564
2562 2561 2566 2567
2561 2563 2568 2566
2563 2564 2569 2568
2564 2565 2570 2569
2567 2566 2571 2572
2566 2568 2573 2571
2568 2569 2574 2573
2569 2570 2575 2574
2576 2577 828 618
828 2577 2578 826
826 2578 2579 824
824 2579 2376 656
2376 2579 2580 2385
2579 2578 2581 2580
2578 2577 2582 2581
2577 2576 2583 2582
2385 2580 2584 2390
2580 2581 2585 2584
2581 2582 2586 2585
2582 2583 2587 2586
2390 2584 2588 2395
2584 2585 2589 2588
2585 2586 2590 2589
2586 2587 2591 2590
2395 2588 2592 2400
2588 2589 2593 2592
2589 2590 2594 2593
2590 2591 2595 2594
2400 2592 2596 2405
2592 2593 2597 2596
2593 2594 2598 2597
2594 2595 2599 2598
2405 2596 2600 2410
2596 2597 2601 2600
2597 2598 2602 2601
2598 2599 2603 2602
2410 2600 2604 2415
2600 2601 2605 2604
2601 2602 2606 2605
2602 2603 2607 2606
2415 2604 2608 2420
2604 2605 2609 2608
2605 2606 2610 2609
2606 2607 2611 2610
2420 2608 2612 2425
2608 2609 2613 2612
2609 2610 2614 2613
2610 2611 2615 2614
2425 2612 2616 2430
2612 2613 2617 2616
2613 2614 2618 2617
2614 2615 2619 2618
2430 2616 2620 2435
2616 2617 2621 2620
2617 2618 2622 2621
2618 2619 2623 2622
2435 2620 2624 2440
2620 2621 2625 2624
2621 2622 2626 2625
2622 2623 2627 2626
2440 2624 2628 2445
2624 2625 2629 2628
2625 2626 2630 2629
2626 2627 2631 2630
2445 2628 2632 2450
2628 2629 2633 2632
2629 2630 2634 2633
2630 2631 2635 2634
2450 2632 2636 2455
2632 2633 2637 2636
2633 2634 2638 2637
2634 2635 2639 2638
2455 2636 2640 2460
2636 2637 2641 2640
2637 2638 2642 2641
2638 2639 2643 2642
2460 2640 2644 2465
2640 2641 2645 2644
2641 2642 2646 2645
2642 2643 2647 2646
2465 2644 2648 2470
2644 2645 2649 2648
2645 2646 2650 2649
2646 2647 2651 2650
2470 2648 2652 2475
2648 2649 2653 2652
2649 2650 2654 2653
2650 2651 2655 2654
2475 2652 2656 2480
2652 2653 2657 2656
2653 2654 2658 2657
2654 2655 2659 2658
2480 2656 2660 2485
2656 2657 2661 2660
2657 2658 2662 2661
2658 2659 2663 2662
2485 2660 2664 2490
2660 2661 2665 2664
2661 2662 2666 2665
2662 2663 2667 2666
2490 2664 2668 2495
2664 2665 2669 2668
2665 2666 2670 2669
2666 2667 2671 2670
2495 2668 2672 2500
2668 2669 2673 2672
2669 2670 2674 2673
2670 2671 2675 2674
2500 2672 2676 2505
2672 2673 2677 2676
2673 2674 2678 2677
2674 2675 2679 2678
2505 2676 2680 2510
2676 2677 2681 2680
2677 2678 2682 2681
2678 2679 2683 2682
2510 2680 2684 2515
2680 2681 2685 2684
2681 2682 2686 2685
2682 2683 2687 2686
2515 2684 2688 2520
2684 2685 2689 2688
2685 2686 2690 2689
2686 2687 2691 2690
2520 2688 2692 2525
2688 2689 2693 2692
2689 2690 2694 2693
2690 2691 2695 2694
2525 2692 2696 2530
2692 2693 2697 2696
2693 2694 2698 2697
2694 2695 2699 2698
2530 2696 2700 2535
2696 2697 2701 2700
2697 2698 2702 2701
2698 2699 2703 2702
2535 2700 2704 2540
2700 2701 2705 2704
2701 2702 2706 2705
2702 2703 2707 2706
2540 2704 2708 2545
2704 2705 2709 2708
2705 2706 2710 2709
2706 2707 2711 2710
2545 2708 2712 2550
2708 2709 2713 2712
2709 2710 2714 2713
2710 2711 2715 2714
2550 2712 2716 2555
2712 2713 2717 2716
2713 2714 2718 2717
2714 2715 2719 2718
2555 2716 2720 2560
2716 2717 2721 2720
2717 2718 2722 2721
2718 2719 2723 2722
2560 2720 2724 2565
2720 2721 2725 2724
2721 2722 2726 2725
2722 2723 2727 2726
2565 2724 2728 2570
2724 2725 2729 2728
2725 2726 2730 2729
2726 2727 2731 2730
2570 2728 2732 2575
2728 2729 2733 2732
2729 2730 2734 2733
2730 2731 2735 2734
2380 2736 622 624
622 2736 2737 620
620 2737 2738 617
617 2738 2576 618
2576 2738 2739 2583
2738 2737 2740 2739
2737 2736 2741 2740
2736 2380 2382 2741
2583 2739 2742 2587
2739 2740 2743 2742
2740 2741 2744 2743
2741 2382 2387 2744
2587 2742 2745 2591
2742 2743 2746 2745
2743 2744 2747 2746
2744 2387 2392 2747
2591 2745 2748 2595
2745 2746 2749 2748
2746 2747 2750 2749
2747 2392 2397 2750
2595 2748 2751 2599
2748 2749 2752 2751
2749 2750 2753 2752
2750 2397 2402 2753
2599 2751 2754 2603
2751 2752 2755 2754
2752 2753 2756 2755
2753 2402 2407 2756
2603 2754 2757 2607
2754 2755 2758 2757
2755 2756 2759 2758
2756 2407 2412 2759
2607 2757 2760 2611
2757 2758 2761 2760
2758 2759 2762 2761
2759 2412 2417 2762
2611 2760 2763 2615
2760 2761 2764 2763
2761 2762 2765 2764
2762 2417 2422 2765
2615 2763 2766 2619
2763 2764 2767 2766
2764 2765 2768 2767
2765 2422 2427 2768
2619 2766 2769 2623
2766 2767 2770 2769
2767 2768 2771 2770
2768 2427 2432 2771
2623 2769 2772 2627
2769 2770 2773 2772
2770 2771 2774 2773
2771 2432 2437 2774
2627 2772 2775 2631
2772 2773 2776 2775
2773 2774 2777 2776
2774 2437 2442 2777
2631 2775 2778 2635
2775 2776 2779 2778
2776 2777 2780 2779
2777 2442 2447 2780
2635 2778 2781 2639
2778 2779 2782 2781
2779 2780 2783 2782
2780 2447 2452 2783
2639 2781 2784 2643
2781 2782 2785 2784
2782 2783 2786 2785
2783 2452 2457 2786
2643 2784 2787 2647
2784 2785 2788 2787
2785 2786 2789 2788
2786 2457 2462 2789
2647 2787 2790 2651
2787 2788 2791 2790
2788 2789 2792 2791
2789 2462 2467 2792
2651 2790 2793 2655
2790 2791 2794 2793
2791 2792 2795 2794
2792 2467 2472 2795
2655 2793 2796 2659
2793 2794 2797 2796
2794 2795 2798 2797
2795 2472 2477 2798
2659 2796 2799 2663
2796 2797 2800 2799
2797 2798 2801 2800
2798 2477 2482 2801
2663 2799 2802 2667
2799 2800 2803 2802
2800 2801 2804 2803
2801 2482 2487 2804
2667 2802 2805 2671
2802 2803 2806 2805
2803 2804 2807 2806
2804 2487 2492 2807
2671 2805 2808 2675
2805 2806 2809 2808
2806 2807 2810 2809
2807 2492 2497 2810
2675 2808 2811 2679
2808 2809 2812 2811
2809 2810 2813 2812
2810 2497 2502 2813
2679 2811 2814 2683
2811 2812 2815 2814
2812 2813 2816 2815
2813 2502 2507 2816
2683 2814 2817 2687
2814 2815 2818 2817
2815 2816 2819 2818
2816 2507 2512 2819
2687 2817 2820 2691
2817 2818 2821 2820
2818 2819 2822 2821
2819 2512 2517 2822
2691 2820 2823 2695
2820 2821 2824 2823
2821 2822 2825 2824
2822 2517 2522 2825
2695 2823 2826 2699
2823 2824 2827 2826
2824 2825 2828 2827
2825 2522 2527 2828
2699 2826 2829 2703
2826 2827 2830 2829
2827 2828 2831 2830
2828 2527 2532 2831
2703 2829 2832 2707
2829 2830 2833 2832
2830 2831 2834 2833
2831 2532 2537 2834
2707 2832 2835 2711
2832 2833 2836 2835
2833 2834 2837 2836
2834 2537 2542 2837
2711 2835 2838 2715
2835 2836 2839 2838
2836 2837 2840 2839
2837 2542 2547 2840
2715 2838 2841 2719
2838 2839 2842 2841
2839 2840 2843 2842
2840 2547 2552 2843
2719 2841 2844 2723
2841 2842 2845 2844
2842 2843 2846 2845
2843 2552 2557 2846
2723 2844 2847 2727
2844 2845 2848 2847
2845 2846 2849 2848
2846 2557 2562 2849
2727 2847 2850 2731
2847 2848 2851 2850
2848 2849 2852 2851
2849 2562 2567 2852
2731 2850 2853 2735
2850 2851 2854 2853
2851 2852 2855 2854
2852 2567 2572 2855
2856 2857 2858 2859
2858 2857 2860 2861
2861 2860 2862 2863
2863 2862 2864 2865
2864 2862 2866 2867
2862 2860 2868 2866
2860 2857 2869 2868
2857 2856 2870 2869
2867 2866 2871 2872
2866 2868 2873 2871
2868 2869 2874 2873
2869 2870 2875 2874
2872 2871 2876 2877
2871 2873 2878 2876
2873 2874 2879 2878
2874 2875 2880 2879
2877 2876 2881 2882
2876 2878 2883 2881
2878 2879 2884 2883
2879 2880 2885 2884
2882 2881 2886 2887
2881 2883 2888 2886
2883 2884 2889 2888
2884 2885 2890 2889
2887 2886 2891 2892
2886 2888 2893 2891
2888 2889 2894 2893
2889 2890 2895 2894
2892 2891 2896 2897
2891 2893 2898 2896
2893 2894 2899 2898
2894 2895 2900 2899
2897 2896 2901 2902
2896 2898 2903 2901
2898 2899 2904 2903
2899 2900 2905 2904
2902 2901 2906 2907
2901 2903 2908 2906
2903 2904 2909 2908
2904 2905 2910 2909
2907 2906 2911 2912
2906 2908 2913 2911
2908 2909 2914 2913
2909 2910 2915 2914
2912 2911 2916 2917
2911 2913 2918 2916
2913 2914 2919 2918
2914 2915 2920 2919
2917 2916 2921 2922
2916 2918 2923 2921
2918 2919 2924 2923
2919 2920 2925 2924
2922 2921 2926 2927
2921 2923 2928 2926
2923 2924 2929 2928
2924 2925 2930 2929
2927 2926 2931 2932
2926 2928 2933 2931
2928 2929 2934 2933
2929 2930 2935 2934
2932 2931 2936 2937
2931 2933 2938 2936
2933 2934 2939 2938
2934 2935 2940 2939
2937 2936 2941 2942
2936 2938 2943 2941
2938 2939 2944 2943
2939 2940 2945 2944
2942 2941 2946 2947
2941 2943 2948 2946
2943 2944 2949 2948
2944 2945 2950 2949
2947 2946 2951 2952
2946 2948 2953 2951
2948 2949 2954 2953
2949 2950 2955 2954
2952 2951 2956 2957
2951 2953 2958 2956
2953 2954 2959 2958
2954 2955 2960 2959
2957 2956 2961 2962
2956 2958 2963 2961
2958 2959 2964 2963
2959 2960 2965 2964
2962 2961 2966 2967
2961 2963 2968 2966
2963 2964 2969 2968
2964 2965 2970 2969
2967 2966 2971 2972
2966 2968 2973 2971
2968 2969 2974 2973
2969 2970 2975 2974
2972 2971 2976 2977
2971 2973 2978 2976
2973 2974 2979 2978
2974 2975 2980 2979
2977 2976 2981 2982
2976 2978 2983 2981
2978 2979 2984 2983
2979 2980 2985 2984
2982 2981 2986 2987
2981 2983 2988 2986
2983 2984 2989 2988
2984 2985 2990 2989
2987 2986 2991 2992
2986 2988 2993 2991
2988 2989 2994 2993
2989 2990 2995 2994
2992 2991 801 583
2991 2993 799 801
2993 2994 797 799
2994 2995 544 797
2996 2997 2856 2859
2856 2997 2998 2870
2870 2998 2999 2875
2875 2999 3000 2880
2880 3000 3001 2885
2885 3001 3002 2890
2890 3002 3003 2895
2895 3003 3004 2900
2900 3004 3005 2905
2905 3005 3006 2910
2910 3006 3007 2915
2915 3007 3008 2920
2920 3008 3009 2925
2925 3009 3010 2930
2930 3010 3011 2935
2935 3011 3012 2940
2940 3012 3013 2945
2945 3013 3014 2950
2950 3014 3015 2955
2955 3015 3016 2960
2960 3016 3017 2965
2965 3017 3018 2970
2970 3018 3019 2975
2975 3019 3020 2980
2980 3020 3021 2985
2985 3021 3022 2990
2990 3022 3023 2995
2995 3023 542 544
542 3023 3024 540
3023 3022 3025 3024
3022 3021 3026 3025
3021 3020 3027 3026
3020 3019 3028 3027
3019 3018 3029 3028
3018 3017 3030 3029
3017 3016 3031 3030
3016 3015 3032 3031
3015 3014 3033 3032
3014 3013 3034 3033
3013 3012 3035 3034
3012 3011 3036 3035
3011 3010 3037 3036
3010 3009 3038 3037
3009 3008 3039 3038
3008 3007 3040 3039
3007 3006 3041 3040
3006 3005 3042 3041
3005 3004 3043 3042
3004 3003 3044 3043
3003 3002 3045 3044
3002 3001 3046 3045
3001 3000 3047 3046
3000 2999 3048 3047
2999 2998 3049 3048
2998 2997 3050 3049
2997 2996 3051 3050
540 3024 3052 537
3024 3025 3053 3052
3025 3026 3054 3053
3026 3027 3055 3054
3027 3028 3056 3055
3028 3029 3057 3056
3029 3030 3058 3057
3030 3031 3059 3058
3031 3032 3060 3059
3032 3033 3061 3060
3033 3034 3062 3061
3034 3035 3063 3062
3035 3036 3064 3063
3036 3037 3065 3064
3037 3038 3066 3065
3038 3039 3067 3066
3039 3040 3068 3067
3040 3041 3069 3068
3041 3042 3070 3069
3042 3043 3071 3070
3043 3044 3072 3071
3044 3045 3073 3072
3045 3046 3074 3073
3046 3047 3075 3074
3047 3048 3076 3075
3048 3049 3077 3076
3049 3050 3078 3077
3050 3051 3079 3078
537 3052 3080 538
3052 3053 3081 3080
3053 3054 3082 3081
3054 3055 3083 3082
3055 3056 3084 3083
3056 3057 3085 3084
3057 3058 3086 3085
3058 3059 3087 3086
3059 3060 3088 3087
3060 3061 3089 3088
3061 3062 3090 3089
3062 3063 3091 3090
3063 3064 3092 3091
3064 3065 3093 3092
3065 3066 3094 3093
3066 3067 3095 3094
3067 3068 3096 3095
3068 3069 3097 3096
3069 3070 3098 3097
3070 3071 3099 3098
3071 3072 3100 3099
3072 3073 3101 3100
3073 3074 3102 3101
3074 3075 3103 3102
3075 3076 3104 3103
3076 3077 3105 3104
3077 3078 3106 3105
3078 3079 3107 3106
582 3108 2992 583
2992 3108 3109 2987
2987 3109 3110 2982
2982 3110 3111 2977
2977 3111 3112 2972
2972 3112 3113 2967
2967 3113 3114 2962
2962 3114 3115 2957
2957 3115 3116 2952
2952 3116 3117 2947
2947 3117 3118 2942
2942 3118 3119 2937
2937 3119 3120 2932
2932 3120 3121 2927
2927 3121 3122 2922
2922 3122 3123 2917
2917 3123 3124 2912
2912 3124 3125 2907
2907 3125 3126 2902
2902 3126 3127 2897
2897 3127 3128 2892
2892 3128 3129 2887
2887 3129 3130 2882
2882 3130 3131 2877
2877 3131 3132 2872
2872 3132 3133 2867
2867 3133 3134 2864
2864 3134 3135 2865
3135 3134 3136 3137
3134 3133 3138 3136
3133 3132 3139 3138
3132 3131 3140 3139
3131 3130 3141 3140
3130 3129 3142 3141
3129 3128 3143 3142
3128 3127 3144 3143
3127 3126 3145 3144
3126 3125 3146 3145
3125 3124 3147 3146
3124 3123 3148 3147
3123 3122 3149 3148
3122 3121 3150 3149
3121 3120 3151 3150
3120 3119 3152 3151
3119 3118 3153 3152
3118 3117 3154 3153
3117 3116 3155 3154
3116 3115 3156 3155
3115 3114 3157 3156
3114 3113 3158 3157
3113 3112 3159 3158
3112 3111 3160 3159
3111 3110 3161 3160
3110 3109 3162 3161
3109 3108 3163 3162
3108 582 585 3163
3137 3136 3164 3165
3136 3138 3166 3164
3138 3139 3167 3166
3139 3140 3168 3167
3140 3141 3169 3168
3141 3142 3170 3169
3142 3143 3171 3170
3143 3144 3172 3171
3144 3145 3173 3172
3145 3146 3174 3173
3146 3147 3175 3174
3147 3148 3176 3175
3148 3149 3177 3176
3149 3150 3178 3177
3150 3151 3179 3178
3151 3152 3180 3179
3152 3153 3181 3180
3153 3154 3182 3181
3154 3155 3183 3182
3155 3156 3184 3183
3156 3157 3185 3184
3157 3158 3186 3185
3158 3159 3187 3186
3159 3160 3188 3187
3160 3161 3189 3188
3161 3162 3190 3189
3162 3163 3191 3190
3163 585 587 3191
3165 3164 3106 3107
3164 3166 3105 3106
3166 3167 3104 3105
3167 3168 3103 3104
3168 3169 3102 3103
3169 3170 3101 3102
3170 3171 3100 3101
3171 3172 3099 3100
3172 3173 3098 3099
3173 3174 3097 3098
3174 3175 3096 3097
3175 3176 3095 3096
3176 3177 3094 3095
3177 3178 3093 3094
3178 3179 3092 3093
3179 3180 3091 3092
3180 3181 3090 3091
3181 3182 3089 3090
3182 3183 3088 3089
3183 3184 3087 3088
3184 3185 3086 3087
3185 3186 3085 3086
3186 3187 3084 3085
3187 3188 3083 3084
3188 3189 3082 3083
3189 3190 3081 3082
3190 3191 3080 3081
3191 587 538 3080
3192 3193 3194 3195
3194 3193 3196 3197
3197 3196 3198 3199
3199 3198 3200 3201
3201 3200 3202 3203
3203 3202 3204 3205
3205 3204 3206 3207
3207 3206 3208 3209
3209 3208 3210 3211
3211 3210 3212 3213
3213 3212 3214 3215
3215 3214 3216 3217
3217 3216 3218 3219
3219 3218 3220 3221
3221 3220 3222 3223
3223 3222 3224 3225
3225 3224 3226 3227
3227 3226 3228 3229
3229 3228 3230 3231
3231 3230 3232 3233
3233 3232 3234 3235
3235 3234 3236 3237
3237 3236 3238 3239
3239 3238 3240 3241
3241 3240 3242 3243
3243 3242 3244 3245
3245 3244 3246 3247
3247 3246 3248 3249
3249 3248 3250 3251
3251 3250 3252 3253
3253 3252 3254 3255
3255 3254 3256 3257
3257 3256 3258 3259
3259 3258 3260 3261
3261 3260 3262 3263
3263 3262 266 268
266 3262 3264 264
3262 3260 3265 3264
3260 3258 3266 3265
3258 3256 3267 3266
3256 3254 3268 3267
3254 3252 3269 3268
3252 3250 3270 3269
3250 3248 3271 3270
3248 3246 3272 3271
3246 3244 3273 3272
3244 3242 3274 3273
3242 3240 3275 3274
3240 3238 3276 3275
3238 3236 3277 3276
3236 3234 3278 3277
3234 3232 3279 3278
3232 3230 3280 3279
3230 3228 3281 3280
3228 3226 3282 3281
3226 3224 3283 3282
3224 3222 3284 3283
3222 3220 3285 3284
3220 3218 3286 3285
3218 3216 3287 3286
3216 3214 3288 3287
3214 3212 3289 3288
3212 3210 3290 3289
3210 3208 3291 3290
3208 3206 3292 3291
3206 3204 3293 3292
3204 3202 3294 3293
3202 3200 3295 3294
3200 3198 3296 3295
3198 3196 3297 3296
3196 3193 3298 3297
3193 3192 3299 3298
264 3264 3300 261
3264 3265 3301 3300
3265 3266 3302 3301
3266 3267 3303 3302
3267 3268 3304 3303
3268 3269 3305 3304
3269 3270 3306 3305
3270 3271 3307 3306
3271 3272 3308 3307
3272 3273 3309 3308
3273 3274 3310 3309
3274 3275 3311 3310
3275 3276 3312 3311
3276 3277 3313 3312
3277 3278 3314 3313
3278 3279 3315 3314
3279 3280 3316 3315
3280 3281 3317 3316
3281 3282 3318 3317
3282 3283 3319 3318
3283 3284 3320 3319
3284 3285 3321 3320
3285 3286 3322 3321
3286 3287 3323 3322
3287 3288 3324 3323
3288 3289 3325 3324
3289 3290 3326 3325
3290 3291 3327 3326
3291 3292 3328 3327
3292 3293 3329 3328
3293 3294 3330 3329
3294 3295 3331 3330
3295 3296 3332 3331
3296 3297 3333 3332
3297 3298 3334 3333
3298 3299 3335 3334
261 3300 3336 262
3300 3301 3337 3336
3301 3302 3338 3337
3302 3303 3339 3338
3303 3304 3340 3339
3304 3305 3341 3340
3305 3306 3342 3341
3306 3307 3343 3342
3307 3308 3344 3343
3308 3309 3345 3344
3309 3310 3346 3345
3310 3311 3347 3346
3311 3312 3348 3347
3312 3313 3349 3348
3313 3314 3350 3349
3314 3315 3351 3350
3315 3316 3352 3351
3316 3317 3353 3352
3317 3318 3354 3353
3318 3319 3355 3354
3319 3320 3356 3355
3320 3321 3357 3356
3321 3322 3358 3357
3322 3323 3359 3358
3323 3324 3360 3359
3324 3325 3361 3360
3325 3326 3362 3361
3326 3327 3363 3362
3327 3328 3364 3363
3328 3329 3365 3364
3329 3330 3366 3365
3330 3331 3367 3366
3331 3332 3368 3367
3332 3333 3369 3368
3333 3334 3370 3369
3334 3335 3371 3370
3372 3373 3374 3375
3374 3373 3376 3377
3377 3376 3378 3379
3379 3378 3380 3381
3381 3380 3382 3383
3383 3382 3384 3385
3385 3384 3386 3387
3387 3386 3388 3389
3389 3388 3390 3391
3391 3390 3392 3393
3393 3392 3394 3395
3395 3394 3396 3397
3397 3396 3398 3399
3399 3398 3400 3401
3401 3400 3402 3403
3403 3402 3404 3405
3405 3404 3406 3407
3407 3406 3408 3409
3409 3408 3410 3411
3411 3410 3412 3413
3413 3412 3414 3415
3415 3414 3416 3417
3417 3416 3418 3419
3419 3418 3420 3421
3421 3420 3422 3423
3423 3422 3424 3425
3425 3424 3426 3427
3427 3426 3428 3429
3429 3428 3430 3431
3431 3430 3432 3433
3433 3432 3434 3435
3435 3434 3436 3437
3437 3436 3438 3439
3439 3438 3440 3441
3441 3440 3442 3443
3443 3442 741 317
741 3442 3444 739
3442 3440 3445 3444
3440 3438 3446 3445
3438 3436 3447 3446
3436 3434 3448 3447
3434 3432 3449 3448
3432 3430 3450 3449
3430 3428 3451 3450
3428 3426 3452 3451
3426 3424 3453 3452
3424 3422 3454 3453
3422 3420 3455 3454
3420 3418 3456 3455
3418 3416 3457 3456
3416 3414 3458 3457
3414 3412 3459 3458
3412 3410 3460 3459
3410 3408 3461 3460
3408 3406 3462 3461
3406 3404 3463 3462
3404 3402 3464 3463
3402 3400 3465 3464
3400 3398 3466 3465
3398 3396 3467 3466
3396 3394 3468 3467
3394 3392 3469 3468
3392 3390 3470 3469
3390 3388 3471 3470
3388 3386 3472 3471
3386 3384 3473 3472
3384 3382 3474 3473
3382 3380 3475 3474
3380 3378 3476 3475
3378 3376 3477 3476
3376 3373 3478 3477
3373 3372 3479 3478
739 3444 3480 737
3444 3445 3481 3480
3445 3446 3482 3481
3446 3447 3483 3482
3447 3448 3484 3483
3448 3449 3485 3484
3449 3450 3486 3485
3450 3451 3487 3486
3451 3452 3488 3487
3452 3453 3489 3488
3453 3454 3490 3489
3454 3455 3491 3490
3455 3456 3492 3491
3456 3457 3493 3492
3457 3458 3494 3493
3458 3459 3495 3494
3459 3460 3496 3495
3460 3461 3497 3496
3461 3462 3498 3497
3462 3463 3499 3498
3463 3464 3500 3499
3464 3465 3501 3500
3465 3466 3502 3501
3466 3467 3503 3502
3467 3468 3504 3503
3468 3469 3505 3504
3469 3470 3506 3505
3470 3471 3507 3506
3471 3472 3508 3507
3472 3473 3509 3508
3473 3474 3510 3509
3474 3475 3511 3510
3475 3476 3512 3511
3476 3477 3513 3512
3477 3478 3514 3513
3478 3479 3515 3514
737 3480 3263 268
3480 3481 3261 3263
3481 3482 3259 3261
3482 3483 3257 3259
3483 3484 3255 3257
3484 3485 3253 3255
3485 3486 3251 3253
3486 3487 3249 3251
3487 3488 3247 3249
3488 3489 3245 3247
3489 3490 3243 3245
3490 3491 3241 3243
3491 3492 3239 3241
3492 3493 3237 3239
3493 3494 3235 3237
3494 3495 3233 3235
3495 3496 3231 3233
3496 3497 3229 3231
3497 3498 3227 3229
3498 3499 3225 3227
3499 3500 3223 3225
3500 3501 3221 3223
3501 3502 3219 3221
3502 3503 3217 3219
3503 3504 3215 3217
3504 3505 3213 3215
3505 3506 3211 3213
3506 3507 3209 3211
3507 3508 3207 3209
3508 3509 3205 3207
3509 3510 3203 3205
3510 3511 3201 3203
3511 3512 3199 3201
3512 3513 3197 3199
3513 3514 3194 3197
3514 3515 3195 3194
3516 3517 3370 3371
3370 3517 3518 3369
3369 3518 3519 3368
3368 3519 3520 3367
3367 3520 3521 3366
3366 3521 3522 3365
3365 3522 3523 3364
3364 3523 3524 3363
3363 3524 3525 3362
3362 3525 3526 3361
3361 3526 3527 3360
3360 3527 3528 3359
3359 3528 3529 3358
3358 3529 3530 3357
3357 3530 3531 3356
3356 3531 3532 3355
3355 3532 3533 3354
3354 3533 3534 3353
3353 3534 3535 3352
3352 3535 3536 3351
3351 3536 3537 3350
3350 3537 3538 3349
3349 3538 3539 3348
3348 3539 3540 3347
3347 3540 3541 3346
3346 3541 3542 3345
3345 3542 3543 3344
3344 3543 3544 3343
3343 3544 3545 3342
3342 3545 3546 3341
3341 3546 3547 3340
3340 3547 3548 3339
3339 3548 3549 3338
3338 3549 3550 3337
3337 3550 3551 3336
3336 3551 321 262
321 3551 3552 319
3551 3550 3553 3552
3550 3549 3554 3553
3549 3548 3555 3554
3548 3547 3556 3555
3547 3546 3557 3556
3546 3545 3558 3557
3545 3544 3559 3558
3544 3543 3560 3559
3543 3542 3561 3560
3542 3541 3562 3561
3541 3540 3563 3562
3540 3539 3564 3563
3539 3538 3565 3564
3538 3537 3566 3565
3537 3536 3567 3566
3536 3535 3568 3567
3535 3534 3569 3568
3534 3533 3570 3569
3533 3532 3571 3570
3532 3531 3572 3571
3531 3530 3573 3572
3530 3529 3574 3573
3529 3528 3575 3574
3528 3527 3576 3575
3527 3526 3577 3576
3526 3525 3578 3577
3525 3524 3579 3578
3524 3523 3580 3579
3523 3522 3581 3580
3522 3521 3582 3581
3521 3520 3583 3582
3520 3519 3584 3583
3519 3518 3585 3584
3518 3517 3586 3585
3517 3516 3587 3586
319 3552 3588 316
3552 3553 3589 3588
3553 3554 3590 3589
3554 3555 3591 3590
3555 3556 3592 3591
3556 3557 3593 3592
3557 3558 3594 3593
3558 3559 3595 3594
3559 3560 3596 3595
3560 3561 3597 3596
3561 3562 3598 3597
3562 3563 3599 3598
3563 3564 3600 3599
3564 3565 3601 3600
3565 3566 3602 3601
3566 3567 3603 3602
3567 3568 3604 3603
3568 3569 3605 3604
3569 3570 3606 3605
3570 3571 3607 3606
3571 3572 3608 3607
3572 3573 3609 3608
3573 3574 3610 3609
3574 3575 3611 3610
3575 3576 3612 3611
3576 3577 3613 3612
3577 3578 3614 3613
3578 3579 3615 3614
3579 3580 3616 3615
3580 3581 3617 3616
3581 3582 3618 3617
3582 3583 3619 3618
3583 3584 3620 3619
3584 3585 3621 3620
3585 3586 3622 3621
3586 3587 3623 3622
316 3588 3443 317
3588 3589 3441 3443
3589 3590 3439 3441
3590 3591 3437 3439
3591 3592 3435 3437
3592 3593 3433 3435
3593 3594 3431 3433
3594 3595 3429 3431
3595 3596 3427 3429
3596 3597 3425 3427
3597 3598 3423 3425
3598 3599 3421 3423
3599 3600 3419 3421
3600 3601 3417 3419
3601 3602 3415 3417
3602 3603 3413 3415
3603 3604 3411 3413
3604 3605 3409 3411
3605 3606 3407 3409
3606 3607 3405 3407
3607 3608 3403 3405
3608 3609 3401 3403
3609 3610 3399 3401
3610 3611 3397 3399
3611 3612 3395 3397
3612 3613 3393 3395
3613 3614 3391 3393
3614 3615 3389 3391
3615 3616 3387 3389
3616 3617 3385 3387
3617 3618 3383 3385
3618 3619 3381 3383
3619 3620 3379 3381
3620 3621 3377 3379
3621 3622 3374 3377
3622 3623 3375 3374
3624 3625 3626 3627
3626 3625 3628 3629
3629 3628 3630 3631
3631 3630 3632 3633
3632 3630 3634 3635
3630 3628 3636 3634
3628 3625 3637 3636
3625 3624 3638 3637
3635 3634 3639 3640
3634 3636 3641 3639
3636 3637 3642 3641
3637 3638 3643 3642
3640 3639 3644 3645
3639 3641 3646 3644
3641 3642 3647 3646
3642 3643 3648 3647
3645 3644 3649 3650
3644 3646 3651 3649
3646 3647 3652 3651
3647 3648 3653 3652
3650 3649 3654 3655
3649 3651 3656 3654
3651 3652 3657 3656
3652 3653 3658 3657
3655 3654 3659 3660
3654 3656 3661 3659
3656 3657 3662 3661
3657 3658 3663 3662
3660 3659 3664 3665
3659 3661 3666 3664
3661 3662 3667 3666
3662 3663 3668 3667
3665 3664 3669 3670
3664 3666 3671 3669
3666 3667 3672 3671
3667 3668 3673 3672
3670 3669 3674 3675
3669 3671 3676 3674
3671 3672 3677 3676
3672 3673 3678 3677
3675 3674 3679 3680
3674 3676 3681 3679
3676 3677 3682 3681
3677 3678 3683 3682
3680 3679 3684 3685
3679 3681 3686 3684
3681 3682 3687 3686
3682 3683 3688 3687
3685 3684 3689 3690
3684 3686 3691 3689
3686 3687 3692 3691
3687 3688 3693 3692
3690 3689 3694 3695
3689 3691 3696 3694
3691 3692 3697 3696
3692 3693 3698 3697
3695 3694 3699 3700
3694 3696 3701 3699
3696 3697 3702 3701
3697 3698 3703 3702
3700 3699 3704 3705
3699 3701 3706 3704
3701 3702 3707 3706
3702 3703 3708 3707
3705 3704 3709 3710
3704 3706 3711 3709
3706 3707 3712 3711
3707 3708 3713 3712
3710 3709 3714 3715
3709 3711 3716 3714
3711 3712 3717 3716
3712 3713 3718 3717
3715 3714 3719 3720
3714 3716 3721 3719
3716 3717 3722 3721
3717 3718 3723 3722
3720 3719 3724 3725
3719 3721 3726 3724
3721 3722 3727 3726
3722 3723 3728 3727
3725 3724 3729 3730
3724 3726 3731 3729
3726 3727 3732 3731
3727 3728 3733 3732
3730 3729 3734 3735
3729 3731 3736 3734
3731 3732 3737 3736
3732 3733 3738 3737
3735 3734 3739 3740
3734 3736 3741 3739
3736 3737 3742 3741
3737 3738 3743 3742
3740 3739 3744 3745
3739 3741 3746 3744
3741 3742 3747 3746
3742 3743 3748 3747
3745 3744 3749 3750
3744 3746 3751 3749
3746 3747 3752 3751
3747 3748 3753 3752
3750 3749 3754 3755
3749 3751 3756 3754
3751 3752 3757 3756
3752 3753 3758 3757
3755 3754 3759 3760
3754 3756 3761 3759
3756 3757 3762 3761
3757 3758 3763 3762
3760 3759 3764 3765
3759 3761 3766 3764
3761 3762 3767 3766
3762 3763 3768 3767
3765 3764 3769 3770
3764 3766 3771 3769
3766 3767 3772 3771
3767 3768 3773 3772
3770 3769 3774 3775
3769 3771 3776 3774
3771 3772 3777 3776
3772 3773 3778 3777
3775 3774 3779 3780
3774 3776 3781 3779
3776 3777 3782 3781
3777 3778 3783 3782
3780 3779 3784 3785
3779 3781 3786 3784
3781 3782 3787 3786
3782 3783 3788 3787
3785 3784 3789 3790
3784 3786 3791 3789
3786 3787 3792 3791
3787 3788 3793 3792
3790 3789 3794 3795
3789 3791 3796 3794
3791 3792 3797 3796
3792 3793 3798 3797
3795 3794 3799 3800
3794 3796 3801 3799
3796 3797 3802 3801
3797 3798 3803 3802
3800 3799 419 360
3799 3801 417 419
3801 3802 414 417
3802 3803 415 414
704 3804 3805 366
3805 3804 3806 3807
3807 3806 3808 3809
3809 3808 3810 3811
3811 3810 3812 3813
3813 3812 3814 3815
3815 3814 3816 3817
3817 3816 3818 3819
3819 3818 3820 3821
3821 3820 3822 3823
3823 3822 3824 3825
3825 3824 3826 3827
3827 3826 3828 3829
3829 3828 3830 3831
3831 3830 3832 3833
3833 3832 3834 3835
3835 3834 3836 3837
3837 3836 3838 3839
3839 3838 3840 3841
3841 3840 3842 3843
3843 3842 3844 3845
3845 3844 3846 3847
3847 3846 3848 3849
3849 3848 3850 3851
3851 3850 3852 3853
3853 3852 3854 3855
3855 3854 3856 3857
3857 3856 3858 3859
3859 3858 3860 3861
3861 3860 3862 3863
3863 3862 3864 3865
3865 3864 3866 3867
3867 3866 3868 3869
3869 3868 3870 3871
3871 3870 3872 3873
3873 3872 3874 3875
3874 3872 3876 3877
3872 3870 3878 3876
3870 3868 3879 3878
3868 3866 3880 3879
3866 3864 3881 3880
3864 3862 3882 3881
3862 3860 3883 3882
3860 3858 3884 3883
3858 3856 3885 3884
3856 3854 3886 3885
3854 3852 3887 3886
3852 3850 3888 3887
3850 3848 3889 3888
3848 3846 3890 3889
3846 3844 3891 3890
3844 3842 3892 3891
3842 3840 3893 3892
3840 3838 3894 3893
3838 3836 3895 3894
3836 3834 3896 3895
3834 3832 3897 3896
3832 3830 3898 3897
3830 3828 3899 3898
3828 3826 3900 3899
3826 3824 3901 3900
3824 3822 3902 3901
3822 3820 3903 3902
3820 3818 3904 3903
3818 3816 3905 3904
3816 3814 3906 3905
3814 3812 3907 3906
3812 3810 3908 3907
3810 3808 3909 3908
3808 3806 3910 3909
3806 3804 3911 3910
3804 704 706 3911
3877 3876 3912 3913
3876 3878 3914 3912
3878 3879 3915 3914
3879 3880 3916 3915
3880 3881 3917 3916
3881 3882 3918 3917
3882 3883 3919 3918
3883 3884 3920 3919
3884 3885 3921 3920
3885 3886 3922 3921
3886 3887 3923 3922
3887 3888 3924 3923
3888 3889 3925 3924
3889 3890 3926 3925
3890 3891 3927 3926
3891 3892 3928 3927
3892 3893 3929 3928
3893 3894 3930 3929
3894 3895 3931 3930
3895 3896 3932 3931
3896 3897 3933 3932
3897 3898 3934 3933
3898 3899 3935 3934
3899 3900 3936 3935
3900 3901 3937 3936
3901 3902 3938 3937
3902 3903 3939 3938
3903 3904 3940 3939
3904 3905 3941 3940
3905 3906 3942 3941
3906 3907 3943 3942
3907 3908 3944 3943
3908 3909 3945 3944
3909 3910 3946 3945
3910 3911 3947 3946
3911 706 708 3947
3913 3912 3624 3627
3912 3914 3638 3624
3914 3915 3643 3638
3915 3916 3648 3643
3916 3917 3653 3648
3917 3918 3658 3653
3918 3919 3663 3658
3919 3920 3668 3663
3920 3921 3673 3668
3921 3922 3678 3673
3922 3923 3683 3678
3923 3924 3688 3683
3924 3925 3693 3688
3925 3926 3698 3693
3926 3927 3703 3698
3927 3928 3708 3703
3928 3929 3713 3708
3929 3930 3718 3713
3930 3931 3723 3718
3931 3932 3728 3723
3932 3933 3733 3728
3933 3934 3738 3733
3934 3935 3743 3738
3935 3936 3748 3743
3936 3937 3753 3748
3937 3938 3758 3753
3938 3939 3763 3758
3939 3940 3768 3763
3940 3941 3773 3768
3941 3942 3778 3773
3942 3943 3783 3778
3943 3944 3788 3783
3944 3945 3793 3788
3945 3946 3798 3793
3946 3947 3803 3798
3947 708 415 3803
359 3948 3800 360
3800 3948 3949 3795
3795 3949 3950 3790
3790 3950 3951 3785
3785 3951 3952 3780
3780 3952 3953 3775
3775 3953 3954 3770
3770 3954 3955 3765
3765 3955 3956 3760
3760 3956 3957 3755
3755 3957 3958 3750
3750 3958 3959 3745
3745 3959 3960 3740
3740 3960 3961 3735
3735 3961 3962 3730
3730 3962 3963 3725
3725 3963 3964 3720
3720 3964 3965 3715
3715 3965 3966 3710
3710 3966 3967 3705
3705 3967 3968 3700
3700 3968 3969 3695
3695 3969 3970 3690
3690 3970 3971 3685
3685 3971 3972 3680
3680 3972 3973 3675
3675 3973 3974 3670
3670 3974 3975 3665
3665 3975 3976 3660
3660 3976 3977 3655
3655 3977 3978 3650
3650 3978 3979 3645
3645 3979 3980 3640
3640 3980 3981 3635
3635 3981 3982 3632
3632 3982 3983 3633
3983 3982 3984 3985
3982 3981 3986 3984
3981 3980 3987 3986
3980 3979 3988 3987
3979 3978 3989 3988
3978 3977 3990 3989
3977 3976 3991 3990
3976 3975 3992 3991
3975 3974 3993 3992
3974 3973 3994 3993
3973 3972 3995 3994
3972 3971 3996 3995
3971 3970 3997 3996
3970 3969 3998 3997
3969 3968 3999 3998
3968 3967 4000 3999
3967 3966 4001 4000
3966 3965 4002 4001
3965 3964 4003 4002
3964 3963 4004 4003
3963 3962 4005 4004
3962 3961 4006 4005
3961 3960 4007 4006
3960 3959 4008 4007
3959 3958 4009 4008
3958 3957 4010 4009
3957 3956 4011 4010
3956 3955 4012 4011
3955 3954 4013 4012
3954 3953 4014 4013
3953 3952 4015 4014
3952 3951 4016 4015
3951 3950 4017 4016
3950 3949 4018 4017
3949 3948 4019 4018
3948 359 362 4019
3985 3984 4020 4021
3984 3986 4022 4020
3986 3987 4023 4022
3987 3988 4024 4023
3988 3989 4025 4024
3989 3990 4026 4025
3990 3991 4027 4026
3991 3992 4028 4027
3992 3993 4029 4028
3993 3994 4030 4029
3994 3995 4031 4030
3995 3996 4032 4031
3996 3997 4033 4032
3997 3998 4034 4033
3998 3999 4035 4034
3999 4000 4036 4035
4000 4001 4037 4036
4001 4002 4038 4037
4002 4003 4039 4038
4003 4004 4040 4039
4004 4005 4041 4040
4005 4006 4042 4041
4006 4007 4043 4042
4007 4008 4044 4043
4008 4009 4045 4044
4009 4010 4046 4045
4010 4011 4047 4046
4011 4012 4048 4047
4012 4013 4049 4048
4013 4014 4050 4049
4014 4015 4051 4050
4015 4016 4052 4051
4016 4017 4053 4052
4017 4018 4054 4053
4018 4019 4055 4054
4019 362 364 4055
4021 4020 3873 3875
4020 4022 3871 3873
4022 4023 3869 3871
4023 4024 3867 3869
4024 4025 3865 3867
4025 4026 3863 3865
4026 4027 3861 3863
4027 4028 3859 3861
4028 4029 3857 3859
4029 4030 3855 3857
4030 4031 3853 3855
4031 4032 3851 3853
4032 4033 3849 3851
4033 4034 3847 3849
4034 4035 3845 3847
4035 4036 3843 3845
4036 4037 3841 3843
4037 4038 3839 3841
4038 4039 3837 3839
4039 4040 3835 3837
4040 4041 3833 3835
4041 4042 3831 3833
4042 4043 3829 3831
4043 4044 3827 3829
4044 4045 3825 3827
4045 4046 3823 3825
4046 4047 3821 3823
4047 4048 3819 3821
4048 4049 3817 3819
4049 4050 3815 3817
4050 4051 3813 3815
4051 4052 3811 3813
4052 4053 3809 3811
4053 4054 3807 3809
4054 4055 3805 3807
4055 364 366 3805
4056 4057 4058 4059
4058 4057 4060 4061
4061 4060 4062 4063
4063 4062 4064 4065
4065 4064 4066 4067
4067 4066 4068 4069
4069 4068 4070 4071
4071 4070 4072 4073
4073 4072 4074 4075
4075 4074 4076 4077
4077 4076 4078 4079
4079 4078 4080 4081
4081 4080 4082 4083
4083 4082 4084 4085
4085 4084 4086 4087
4087 4086 4088 4089
4089 4088 4090 4091
4091 4090 4092 4093
4093 4092 4094 4095
4095 4094 4096 4097
4097 4096 4098 4099
4099 4098 4100 4101
4101 4100 4102 4103
4103 4102 4104 4105
4105 4104 4106 4107
4107 4106 4108 4109
4109 4108 4110 4111
4111 4110 4112 4113
4113 4112 4114 4115
4115 4114 4116 4117
4117 4116 4118 4119
4119 4118 4120 4121
4121 4120 4122 4123
4123 4122 4124 4125
4125 4124 4126 4127
4127 4126 4128 4129
4129 4128 4130 4131
4131 4130 462 464
462 4130 4132 460
4130 4128 4133 4132
4128 4126 4134 4133
4126 4124 4135 4134
4124 4122 4136 4135
4122 4120 4137 4136
4120 4118 4138 4137
4118 4116 4139 4138
4116 4114 4140 4139
4114 4112 4141 4140
4112 4110 4142 4141
4110 4108 4143 4142
4108 4106 4144 4143
4106 4104 4145 4144
4104 4102 4146 4145
4102 4100 4147 4146
4100 4098 4148 4147
4098 4096 4149 4148
4096 4094 4150 4149
4094 4092 4151 4150
4092 4090 4152 4151
4090 4088 4153 4152
4088 4086 4154 4153
4086 4084 4155 4154
4084 4082 4156 4155
4082 4080 4157 4156
4080 4078 4158 4157
4078 4076 4159 4158
4076 4074 4160 4159
4074 4072 4161 4160
4072 4070 4162 4161
4070 4068 4163 4162
4068 4066 4164 4163
4066 4064 4165 4164
4064 4062 4166 4165
4062 4060 4167 4166
4060 4057 4168 4167
4057 4056 4169 4168
460 4132 4170 457
4132 4133 4171 4170
4133 4134 4172 4171
4134 4135 4173 4172
4135 4136 4174 4173
4136 4137 4175 4174
4137 4138 4176 4175
4138 4139 4177 4176
4139 4140 4178 4177
4140 4141 4179 4178
4141 4142 4180 4179
4142 4143 4181 4180
4143 4144 4182 4181
4144 4145 4183 4182
4145 4146 4184 4183
4146 4147 4185 4184
4147 4148 4186 4185
4148 4149 4187 4186
4149 4150 4188 4187
4150 4151 4189 4188
4151 4152 4190 4189
4152 4153 4191 4190
4153 4154 4192 4191
4154 4155 4193 4192
4155 4156 4194 4193
4156 4157 4195 4194
4157 4158 4196 4195
4158 4159 4197 4196
4159 4160 4198 4197
4160 4161 4199 4198
4161 4162 4200 4199
4162 4163 4201 4200
4163 4164 4202 4201
4164 4165 4203 4202
4165 4166 4204 4203
4166 4167 4205 4204
4167 4168 4206 4205
4168 4169 4207 4206
457 4170 4208 458
4170 4171 4209 4208
4171 4172 4210 4209
4172 4173 4211 4210
4173 4174 4212 4211
4174 4175 4213 4212
4175 4176 4214 4213
4176 4177 4215 4214
4177 4178 4216 4215
4178 4179 4217 4216
4179 4180 4218 4217
4180 4181 4219 4218
4181 4182 4220 4219
4182 4183 4221 4220
4183 4184 4222 4221
4184 4185 4223 4222
4185 4186 4224 4223
4186 4187 4225 4224
4187 4188 4226 4225
4188 4189 4227 4226
4189 4190 4228 4227
4190 4191 4229 4228
4191 4192 4230 4229
4192 4193 4231 4230
4193 4194 4232 4231
4194 4195 4233 4232
4195 4196 4234 4233
4196 4197 4235 4234
4197 4198 4236 4235
4198 4199 4237 4236
4199 4200 4238 4237
4200 4201 4239 4238
4201 4202 4240 4239
4202 4203 4241 4240
4203 4204 4242 4241
4204 4205 4243 4242
4205 4206 4244 4243
4206 4207 4245 4244
502 4246 4247 503
4247 4246 4248 4249
4249 4248 4250 4251
4251 4250 4252 4253
4253 4252 4254 4255
4255 4254 4256 4257
4257 4256 4258 4259
4259 4258 4260 4261
4261 4260 4262 4263
4263 4262 4264 4265
4265 4264 4266 4267
4267 4266 4268 4269
4269 4268 4270 4271
4271 4270 4272 4273
4273 4272 4274 4275
4275 4274 4276 4277
4277 4276 4278 4279
4279 4278 4280 4281
4281 4280 4282 4283
4283 4282 4284 4285
4285 4284 4286 4287
4287 4286 4288 4289
4289 4288 4290 4291
4291 4290 4292 4293
4293 4292 4294 4295
4295 4294 4296 4297
4297 4296 4298 4299
4299 4298 4300 4301
4301 4300 4302 4303
4303 4302 4304 4305
4305 4304 4306 4307
4307 4306 4308 4309
4309 4308 4310 4311
4311 4310 4312 4313
4313 4312 4314 4315
4315 4314 4316 4317
4317 4316 4318 4319
4319 4318 4320 4321
4320 4318 4322 4323
4318 4316 4324 4322
4316 4314 4325 4324
4314 4312 4326 4325
4312 4310 4327 4326
4310 4308 4328 4327
4308 4306 4329 4328
4306 4304 4330 4329
4304 4302 4331 4330
4302 4300 4332 4331
4300 4298 4333 4332
4298 4296 4334 4333
4296 4294 4335 4334
4294 4292 4336 4335
4292 4290 4337 4336
4290 4288 4338 4337
4288 4286 4339 4338
4286 4284 4340 4339
4284 4282 4341 4340
4282 4280 4342 4341
4280 4278 4343 4342
4278 4276 4344 4343
4276 4274 4345 4344
4274 4272 4346 4345
4272 4270 4347 4346
4270 4268 4348 4347
4268 4266 4349 4348
4266 4264 4350 4349
4264 4262 4351 4350
4262 4260 4352 4351
4260 4258 4353 4352
4258 4256 4354 4353
4256 4254 4355 4354
4254 4252 4356 4355
4252 4250 4357 4356
4250 4248 4358 4357
4248 4246 4359 4358
4246 502 505 4359
4323 4322 4360 4361
4322 4324 4362 4360
4324 4325 4363 4362
4325 4326 4364 4363
4326 4327 4365 4364
4327 4328 4366 4365
4328 4329 4367 4366
4329 4330 4368 4367
4330 4331 4369 4368
4331 4332 4370 4369
4332 4333 4371 4370
4333 4334 4372 4371
4334 4335 4373 4372
4335 4336 4374 4373
4336 4337 4375 4374
4337 4338 4376 4375
4338 4339 4377 4376
4339 4340 4378 4377
4340 4341 4379 4378
4341 4342 4380 4379
4342 4343 4381 4380
4343 4344 4382 4381
4344 4345 4383 4382
4345 4346 4384 4383
4346 4347 4385 4384
4347 4348 4386 4385
4348 4349 4387 4386
4349 4350 4388 4387
4350 4351 4389 4388
4351 4352 4390 4389
4352 4353 4391 4390
4353 4354 4392 4391
4354 4355 4393 4392
4355 4356 4394 4393
4356 4357 4395 4394
4357 4358 4396 4395
4358 4359 4397 4396
4359 505 507 4397
4361 4360 4244 4245
4360 4362 4243 4244
4362 4363 4242 4243
4363 4364 4241 4242
4364 4365 4240 4241
4365 4366 4239 4240
4366 4367 4238 4239
4367 4368 4237 4238
4368 4369 4236 4237
4369 4370 4235 4236
4370 4371 4234 4235
4371 4372 4233 4234
4372 4373 4232 4233
4373 4374 4231 4232
4374 4375 4230 4231
4375 4376 4229 4230
4376 4377 4228 4229
4377 4378 4227 4228
4378 4379 4226 4227
4379 4380 4225 4226
4380 4381 4224 4225
4381 4382 4223 4224
4382 4383 4222 4223
4383 4384 4221 4222
4384 4385 4220 4221
4385 4386 4219 4220
4386 4387 4218 4219
4387 4388 4217 4218
4388 4389 4216 4217
4389 4390 4215 4216
4390 4391 4214 4215
4391 4392 4213 4214
4392 4393 4212 4213
4393 4394 4211 4212
4394 4395 4210 4211
4395 4396 4209 4210
4396 4397 4208 4209
4397 507 458 4208
677 4398 4131 464
4131 4398 4399 4129
4129 4399 4400 4127
4127 4400 4401 4125
4125 4401 4402 4123
4123 4402 4403 4121
4121 4403 4404 4119
4119 4404 4405 4117
4117 4405 4406 4115
4115 4406 4407 4113
4113 4407 4408 4111
4111 4408 4409 4109
4109 4409 4410 4107
4107 4410 4411 4105
4105 4411 4412 4103
4103 4412 4413 4101
4101 4413 4414 4099
4099 4414 4415 4097
4097 4415 4416 4095
4095 4416 4417 4093
4093 4417 4418 4091
4091 4418 4419 4089
4089 4419 4420 4087
4087 4420 4421 4085
4085 4421 4422 4083
4083 4422 4423 4081
4081 4423 4424 4079
4079 4424 4425 4077
4077 4425 4426 4075
4075 4426 4427 4073
4073 4427 4428 4071
4071 4428 4429 4069
4069 4429 4430 4067
4067 4430 4431 4065
4065 4431 4432 4063
4063 4432 4433 4061
4061 4433 4434 4058
4058 4434 4435 4059
4435 4434 4436 4437
4434 4433 4438 4436
4433 4432 4439 4438
4432 4431 4440 4439
4431 4430 4441 4440
4430 4429 4442 4441
4429 4428 4443 4442
4428 4427 4444 4443
4427 4426 4445 4444
4426 4425 4446 4445
4425 4424 4447 4446
4424 4423 4448 4447
4423 4422 4449 4448
4422 4421 4450 4449
4421 4420 4451 4450
4420 4419 4452 4451
4419 4418 4453 4452
4418 4417 4454 4453
4417 4416 4455 4454
4416 4415 4456 4455
4415 4414 4457 4456
4414 4413 4458 4457
4413 4412 4459 4458
4412 4411 4460 4459
4411 4410 4461 4460
4410 4409 4462 4461
4409 4408 4463 4462
4408 4407 4464 4463
4407 4406 4465 4464
4406 4405 4466 4465
4405 4404 4467 4466
4404 4403 4468 4467
4403 4402 4469 4468
4402 4401 4470 4469
4401 4400 4471 4470
4400 4399 4472 4471
4399 4398 4473 4472
4398 677 679 4473
4437 4436 4474 4475
4436 4438 4476 4474
4438 4439 4477 4476
4439 4440 4478 4477
4440 4441 4479 4478
4441 4442 4480 4479
4442 4443 4481 4480
4443 4444 4482 4481
4444 4445 4483 4482
4445 4446 4484 4483
4446 4447 4485 4484
4447 4448 4486 4485
4448 4449 4487 4486
4449 4450 4488 4487
4450 4451 4489 4488
4451 4452 4490 4489
4452 4453 4491 4490
4453 4454 4492 4491
4454 4455 4493 4492
4455 4456 4494 4493
4456 4457 4495 4494
4457 4458 4496 4495
4458 4459 4497 4496
4459 4460 4498 4497
4460 4461 4499 4498
4461 4462 4500 4499
4462 4463 4501 4500
4463 4464 4502 4501
4464 4465 4503 4502
4465 4466 4504 4503
4466 4467 4505 4504
4467 4468 4506 4505
4468 4469 4507 4506
4469 4470 4508 4507
4470 4471 4509 4508
4471 4472 4510 4509
4472 4473 4511 4510
4473 679 681 4511
4475 4474 4319 4321
4474 4476 4317 4319
4476 4477 4315 4317
4477 4478 4313 4315
4478 4479 4311 4313
4479 4480 4309 4311
4480 4481 4307 4309
4481 4482 4305 4307
4482 4483 4303 4305
4483 4484 4301 4303
4484 4485 4299 4301
4485 4486 4297 4299
4486 4487 4295 4297
4487 4488 4293 4295
4488 4489 4291 4293
4489 4490 4289 4291
4490 4491 4287 4289
4491 4492 4285 4287
4492 4493 4283 4285
4493 4494 4281 4283
4494 4495 4279 4281
4495 4496 4277 4279
4496 4497 4275 4277
4497 4498 4273 4275
4498 4499 4271 4273
4499 4500 4269 4271
4500 4501 4267 4269
4501 4502 4265 4267
4502 4503 4263 4265
4503 4504 4261 4263
4504 4505 4259 4261
4505 4506 4257 4259
4506 4507 4255 4257
4507 4508 4253 4255
4508 4509 4251 4253
4509 4510 4249 4251
4510 4511 4247 4249
4511 681 503 4247
41 40 4512 178
4513 43 44 4514
178 4512 4515 177
4513 4514 4516 4517
4518 4513 4517 4519
133 4520 4521 131
4522 4523 4524 4525
4526 4522 4527 4528
4529 4530 4531 4532
4533 4529 4532 4534
4535 4536 4537 4538
4522 4525 4539 4527
4540 4541 4542 4543
4544 4545 4546 4547
4548 4544 4547 4549
4538 4537 4550 4551
4535 4538 4552 4553
4554 4535 4553 4555
4556 4557 4558 4559
4538 4551 4560 4561
4552 4538 4561 4562
4559 4558 4563 411
4558 4564 409 4563
40 42 4565 4512
42 43 4513 4565
4512 4565 4566 4515
4565 4513 4518 4566
4520 4567 4568 4521
4567 4529 4533 4568
4514 44 77 4569
4569 77 78 4570
4570 78 79 4571
4571 79 80 673
4514 4569 4572 4516
4569 4570 4573 4572
4570 4571 4574 4573
4571 673 674 4574
4523 4575 4576 4524
4575 4577 4578 4576
4577 4579 4580 4578
4579 675 646 4580
4536 4581 4582 4537
4581 4583 4584 4582
4583 4585 4586 4584
4585 645 647 4586
4537 4582 4587 4550
4582 4584 4588 4587
4584 4586 4589 4588
4586 647 648 4589
4574 674 675 4579
4573 4574 4579 4577
4572 4573 4577 4575
4516 4572 4575 4523
4517 4516 4523 4522
4519 4517 4522 4526
4530 4544 4548 4531
4580 646 645 4585
4578 4580 4585 4583
4576 4578 4583 4581
4524 4576 4581 4536
4525 4524 4536 4535
4525 4535 4554 4539
4543 4542 4590 4591
4547 4546 4592 4557
4549 4547 4557 4556
4589 648 576 575
4588 4589 575 577
4587 4588 577 578
4550 4587 578 579
4551 4550 579 612
4551 612 613 4560
4560 613 614 4593
4593 614 496 495
4561 4560 4593 4594
4594 4593 495 497
4562 4561 4594 4595
4595 4594 497 498
4564 4596 407 409
4596 534 408 407
4597 4595 498 499
4598 4597 499 532
4599 4598 532 533
4596 4599 533 534
4600 4562 4595 4597
4601 4600 4597 4598
4602 4601 4598 4599
4564 4602 4599 4596
4603 4552 4562 4600
4604 4603 4600 4601
4605 4604 4601 4602
4558 4605 4602 4564
4553 4552 4603 4606
4606 4603 4604 4607
4607 4604 4605 4608
4608 4605 4558 4557
4555 4553 4606 4609
4609 4606 4607 4610
4610 4607 4608 4611
4611 4608 4557 4592
4612 4543 4591 4613
4614 4612 4613 4615
4616 4614 4615 4617
4618 4616 4617 4619
4620 4540 4543 4612
4621 4620 4612 4614
4622 4621 4614 4616
4623 4622 4616 4618
4624 4526 4528 4625
4626 4624 4625 4627
4628 4626 4627 4629
4544 4628 4629 4545
4630 4519 4526 4624
4631 4630 4624 4626
4632 4631 4626 4628
4530 4632 4628 4544
4633 4518 4519 4630
4634 4633 4630 4631
4635 4634 4631 4632
4529 4635 4632 4530
4566 4518 4633 4636
4636 4633 4634 4637
4637 4634 4635 4638
4638 4635 4529 4567
4515 4566 4636 4639
4639 4636 4637 4640
4640 4637 4638 4641
4641 4638 4567 4520
177 4515 4639 176
176 4639 4640 135
135 4640 4641 134
134 4641 4520 133
4642 4559 411 452
4643 4642 452 453
4644 4643 453 454
309 4644 454 310
4645 4556 4559 4642
4646 4645 4642 4643
4647 4646 4643 4644
311 4647 4644 309
4648 4549 4556 4645
4649 4648 4645 4646
4650 4649 4646 4647
312 4650 4647 311
4651 4548 4549 4648
4652 4651 4648 4649
4653 4652 4649 4650
313 4653 4650 312
4531 4548 4651 4654
4654 4651 4652 4655
4655 4652 4653 4656
4656 4653 313 354
4532 4531 4654 4657
4657 4654 4655 4658
4658 4655 4656 4659
4659 4656 354 355
4534 4532 4657 4660
4660 4657 4658 4661
4661 4658 4659 4662
4662 4659 355 356
219 4662 356 220
221 4661 4662 219
222 4660 4661 221
223 4534 4660 222
256 4533 4534 223
4568 4533 256 257
4521 4568 257 258
131 4521 258 132
4528 4527 4663 4664
4664 4663 4541 4540
4625 4528 4664 4665
4665 4664 4540 4620
4627 4625 4665 4666
4666 4665 4620 4621
4629 4627 4666 4667
4667 4666 4621 4622
4545 4629 4667 4668
4668 4667 4622 4623
4545 4668 4669 4546
4668 4623 4618 4669
4546 4669 4670 4592
4669 4618 4619 4670
4671 4611 4592 4670
4617 4671 4670 4619
4672 4610 4611 4671
4615 4672 4671 4617
4673 4609 4610 4672
4613 4673 4672 4615
4674 4555 4609 4673
4591 4674 4673 4613
4675 4554 4555 4674
4590 4675 4674 4591
4539 4554 4675 4676
4676 4675 4590 4542
4527 4539 4676 4663
4663 4676 4542 4541
1911 1879 4677 1943
1879 1816 4679 4677
1816 1659 1658 4679
1943 4677 4678 2009
4677 4679 4680 4678
4679 1658 1661 4680
2009 4678 1975 1977
4678 4680 1665 1975
4680 1661 1663 1665
2288 2289 4681 2153
2289 2290 4683 4681
2290 2291 2373 4683
2153 4681 4682 2125
4681 4683 4684 4682
4683 2373 2374 4684
2125 4682 2094 2097
4682 4684 2095 2094
4684 2374 2375 2095
2854 2855 4698 2853
3107 3079 4685 3165
3079 3051 4686 4685
3051 2996 4687 4686
2996 2859 2858 4687
3165 4685 3135 3137
4685 4686 2865 3135
4686 4687 2863 2865
4687 2858 2861 2863
4323 4361 4688 4320
4361 4245 4207 4688
4320 4688 4689 4321
4688 4207 4169 4689
4321 4689 4690 4475
4689 4169 4056 4690
4475 4690 4435 4437
4690 4056 4059 4435
3623 3587 4691 3375
3587 3516 4693 4691
3516 3371 3335 4693
3375 4691 4692 3372
4691 4693 4694 4692
4693 3335 3299 4694
3372 4692 3515 3479
4692 4694 3195 3515
4694 3299 3192 3195
3874 3985 4021 3875
3877 3983 3985 3874
3913 3633 3983 3877
3627 3631 3633 3913
3626 3629 3631 3627
1432 1431 1399 4695
1527 1495 4696 4697
1272 1275 1655 4697
1559 1527 4697 1560
1495 1432 4695 4696
1367 4696 4695 1399
1272 4697 4696 1367
1655 1623 1560 4697
2735 2853 4698 2734
2732 4699 2574 2575
2732 2733 4700 4699
2572 4700 4698 2855
4698 4700 2733 2734
4700 2572 2571 4699
4699 2571 2573 2574
